x,y,index,esp,labels,p_label,mode
-30.02665889525461,-12.632189194949703,39529,6,0,0,train
-25.145193162848408,-27.41540271425683,23135,3,0,0,train
-0.726028132976932,0.33672692556163186,157629,10,0,0,train
-21.527464804577235,10.347427893541642,25539,4,0,0,train
-28.119069325180067,-32.573133847223616,23335,3,0,0,train
14.260908273305628,34.71197453434917,157457,10,0,0,train
3.374815308171142,36.85601991204058,39239,6,0,0,train
-1.146878087240582,-36.375395186570884,42396,8,0,0,train
31.162458899534105,11.287802155233093,23549,3,0,0,train
26.96259899788338,-15.428149099264054,157939,10,0,0,train
9.410168426129452,46.39772399588264,158143,10,0,0,train
-55.056834191949676,5.0132910677628155,39373,6,0,0,train
7.906945705732134,-9.15534745171442,46493,9,0,0,train
-6.321639073430591,20.632786936960613,42716,8,0,0,train
-30.269701791284426,-28.893682373498656,21216,11,0,0,train
16.898805202152634,6.957562787963321,157311,10,0,0,train
-48.59733042460181,-46.13164693500313,39168,6,0,0,train
-53.42786459358079,25.568427196041483,47289,9,4,4,train
-41.84548508166827,24.6841001168826,25335,4,4,0,train
-46.92776003056724,36.24575472435784,46581,9,4,4,train
12.513995610588903,30.4425766978302,157670,10,0,0,train
-56.35274235167955,20.122613254191,41063,7,4,4,train
-14.02975194601948,-32.83876926410289,21250,11,0,0,train
-9.755130372736168,-16.801064523557333,21625,1,0,0,train
-45.58123068353248,23.05363651372063,40879,7,0,0,train
21.34378565331343,-20.1443284244211,23485,3,0,0,train
-11.483414579530185,-0.5888599725745345,22348,2,0,0,train
2.140573995189035,30.053144758401015,157192,10,0,0,train
-18.751583364592154,-17.839670829768387,22641,2,0,0,train
-49.67168431487681,-12.004279567223483,21369,1,0,0,train
5.723110870133452,-9.126856135635473,21186,11,0,0,train
10.975565357690709,36.473333045823395,46454,9,1,1,train
-10.472418327242481,-24.394622494751086,22454,2,0,0,train
11.1137655185818,-5.471828520531261,22913,3,0,0,train
-17.997658146820417,-32.64957929432945,23145,3,0,0,train
-42.02243841412415,-50.55558872932302,25086,4,0,0,train
-44.77099019764023,-25.3033391817092,23021,3,0,0,train
16.535445983507365,-6.429310565008818,40587,7,0,0,train
2.401170719491157,38.60372847732815,157018,10,1,1,train
-42.66090051924755,47.673336408914025,42582,8,4,4,train
-26.484414436607405,12.154595237604733,20185,0,0,0,train
-28.82370364554186,9.622024542734202,39909,6,0,0,train
61.80516968758424,-10.334359559683342,26040,4,2,2,train
28.286367650175936,-30.344140053271616,157085,10,0,0,train
24.976058409139913,24.78786425774791,157445,10,0,0,train
-27.060888867565804,-47.34012017273042,26297,4,0,0,train
-33.80559946452102,-33.82287134381596,41297,7,0,0,train
-4.444370141454899,-1.6109453285429443,21590,1,0,0,train
-20.414011364004352,62.44232474521807,39400,6,4,4,train
-39.961466170444666,13.12911086652766,25640,4,4,0,train
-51.94878138669132,28.68536042921203,46448,9,4,4,train
-30.920716402410864,-20.098955524799297,39511,6,0,0,train
-38.214234153267846,-47.35845968015167,25132,4,0,0,train
27.270745720966236,-22.821254656639262,157295,10,0,0,train
-60.5550442107202,22.539802371394526,41627,7,4,4,train
-21.072109801123226,32.443818937572146,25569,4,0,0,train
14.720162829511203,26.85692808632806,156872,10,0,0,train
-34.64943041015276,1.6004397628874254,21828,1,0,0,train
-46.35682486827446,33.86124643046054,25517,4,4,4,train
15.006980751025186,-25.831837861162548,21126,11,0,0,train
-55.487235492673676,9.639207618776906,22667,2,0,0,train
-8.626159961348446,-42.86105132040419,42353,8,0,0,train
-48.95660352903049,14.133586116813149,41951,8,0,0,train
-6.247873134485045,27.81121291842423,26210,4,0,0,train
-18.66955512673282,43.42442751628313,46832,9,3,3,train
11.828906383287425,9.57488810989994,156767,10,0,0,train
29.79050736848598,-29.293438015279868,156927,10,0,0,train
-44.42055265878041,-60.465669593423186,24481,4,0,0,train
14.769182011696149,-26.400554509598674,20878,11,0,0,train
-13.000909645963633,-17.122042710002074,42544,8,0,0,train
-20.914151527990633,38.66177342057652,25357,4,3,3,train
61.52718884973244,-3.066031159866216,25916,4,2,2,train
-0.7336799612318678,-8.883741594832564,42366,8,0,0,train
6.786949341160781,-3.58366108190783,157898,10,0,0,train
-46.588929341155605,36.584760148656855,25902,4,4,4,train
-25.12509131617219,44.27025696558857,25447,4,3,3,train
-14.140148481731682,2.7567480923622316,23199,3,0,0,train
16.568672022703876,26.600766950318103,157734,10,0,0,train
14.098437396446752,22.20075828275543,21158,11,0,0,train
-15.34364897384181,-20.116858843364998,22508,2,0,0,train
11.217775717882489,2.7786035638612323,157402,10,0,0,train
-16.01504147833883,-5.711024951801318,22550,2,0,0,train
-55.70807483526758,1.2963652679109807,40918,7,0,0,train
6.026644724286378,-32.868574349564184,23751,3,0,0,train
-14.06635573753541,6.861626614332244,40877,7,0,0,train
8.625824360593889,29.694854771211663,23343,3,0,0,train
-10.122406363832955,15.523026691430069,46816,9,0,0,train
15.406671278946273,-3.4846281517673514,46763,9,0,0,train
-19.31575375124379,62.702658615684285,39603,6,4,4,train
-40.470509970354804,-19.33143557467931,23207,3,0,0,train
-8.649374110382722,8.211379763549644,42056,8,0,0,train
-62.328343657435795,26.35911037277327,20737,11,4,4,train
-62.33065855538554,26.33866294301708,19871,0,4,4,train
-23.377742072011152,62.0671209044022,39090,6,4,4,train
-53.585081787253415,12.761173931540506,46483,9,0,0,train
18.033120462478564,-5.272056290136069,157900,10,0,0,train
18.481353991852075,-6.823818726873061,23351,3,0,0,train
17.3349845899488,-10.521931440163147,23431,3,0,0,train
3.3273401149716086,-16.607607123290087,46687,9,0,0,train
-48.66614293025883,49.60470037980008,42777,8,4,4,train
13.25436145498016,-9.798961073040372,23173,3,0,0,train
-18.661553279421362,22.49788808296109,40561,7,0,0,train
-21.187735160240607,29.904177460462567,25567,4,0,0,train
18.78480635050556,13.290355454016067,157168,10,0,0,train
-48.60067543454028,4.1958027292569255,42722,8,0,0,train
-1.851233985277032,-30.369358508568663,22316,2,0,0,train
54.76276203405011,15.85799366466242,25275,4,2,2,train
-42.133591118491,-15.053734131871368,46907,9,0,0,train
-44.899789910891045,-63.66366462021031,39555,6,0,0,train
-44.00745679813484,28.025829047651307,25818,4,4,4,train
15.313405392523958,6.4662624763759,157744,10,0,0,train
61.95262671751175,-11.300120813947709,25894,4,2,2,train
-24.674876076015664,35.39107629745017,25415,4,0,0,train
22.288975340835467,-1.1551214457560115,22297,2,0,0,train
0.5505138961386304,-10.972480653238538,26004,4,0,0,train
10.353159256133708,-2.589877415085234,157574,10,0,0,train
-52.349851609080844,7.720668100414434,46973,9,0,0,train
16.203472721097228,21.16271220911081,156965,10,0,0,train
-10.2943305086241,-5.571546598591878,40827,7,0,0,train
-46.00424620919628,31.835344750943396,47202,9,4,4,train
-18.09227135656407,7.448906753008439,25920,4,0,0,train
49.69997090125645,22.015154738017138,22631,2,2,2,train
-26.568490852615238,21.467453883107364,42242,8,0,0,train
-40.61306036471439,10.993815442170437,39389,6,0,0,train
-26.21555894917352,-18.28894430026211,19844,0,0,0,train
-37.951101106706744,8.360091876960713,26020,4,0,0,train
3.4311514711407476,29.5169282857879,40773,7,0,0,train
-28.503892557855274,-21.68169791105323,41645,7,0,0,train
-45.73265995932233,40.30211931588249,24818,4,4,4,train
-3.721078336305811,-11.183652504212217,41254,7,0,0,train
2.748539434299058,-16.40535563128098,46697,9,0,0,train
-21.740356211771207,-17.49862984500869,24879,4,0,0,train
-8.328486975140514,27.905989623460684,25229,4,0,0,train
38.211986786839645,-3.2200519238013126,22806,2,0,0,train
15.463728171330306,-6.092457681452778,40908,7,0,0,train
30.112903030401515,-30.588024147782313,157012,10,0,0,train
-24.122989725750035,3.5870011581705263,42462,8,0,0,train
-1.822304057920837,5.169014345235372,157597,10,0,0,train
-50.02945318449538,-12.776844557730156,21164,11,0,0,train
38.068324656807334,16.74860780272459,157162,10,0,0,train
3.567279583456571,9.773286241853716,21475,1,0,0,train
15.841975566608376,28.81483020699428,157394,10,0,0,train
-39.7207823638562,-55.98619075434242,22951,3,2,0,train
9.580497972841645,-30.66547728495604,157981,10,0,0,train
-28.9002111473436,-6.753781614688851,22358,2,0,0,train
-43.25178523936472,44.06383804631989,46779,9,4,4,train
-33.45118520544144,17.641228376317752,40635,7,0,0,train
1.661883900676095,-46.92363352282494,21679,1,0,0,train
14.575441542600288,-27.03703132411102,41057,7,0,0,train
50.797531823459096,24.49567347462868,42576,8,2,2,train
37.874955746780856,2.4311907491663827,21905,1,0,0,train
-4.502672829481835,14.409294063685088,41197,7,0,0,train
-21.28307033354375,5.45653724449469,24859,4,0,0,train
-56.92930390822161,34.79992750065695,20852,11,4,4,train
-39.86301807399552,-9.876312630806982,26100,4,0,0,train
-28.6508315457975,-48.515048953339814,41248,7,0,0,train
4.4285267701451385,48.02969694202696,23523,3,0,0,train
-10.327107033641703,-49.45769090836022,41635,7,0,0,train
10.02780194326457,37.22620463190414,23341,3,0,0,train
-22.613334813457673,44.87096836964811,46858,9,3,3,train
49.931243480948154,25.273532086136317,42634,8,2,2,train
-16.280385927186707,41.23888182274506,46680,9,3,0,train
-27.442698179365536,2.922532783645204,22653,2,0,0,train
-50.412482899811394,33.48858592872507,26122,4,4,4,train
-44.121859630281676,-48.691685439908284,25092,4,0,0,train
1.5612570730892852,-26.05682084772474,39509,6,0,0,train
-22.71523686665362,8.158138889200458,19816,0,0,0,train
20.00037457297757,-1.3650197725991764,22969,3,0,0,train
-12.760465457064576,-4.881394407051545,22293,2,0,0,train
11.366362451637585,27.599597659594494,158171,10,0,0,train
-44.302422179424454,51.01219074714915,42014,8,4,4,train
-9.288396571087686,1.4037294014266934,42172,8,0,0,train
6.017692349570549,50.81983025438794,157427,10,1,1,train
40.37632249460941,-3.486057001707788,22011,1,0,0,train
19.27072647929714,-33.381908023264785,20103,0,0,0,train
-36.218770941142665,-46.91212757464881,21000,11,0,0,train
-58.857609402666625,37.96071326127773,39387,6,4,4,train
-42.09648135800141,23.67798992223107,46901,9,0,0,train
-18.599587568470092,-27.390808100686886,42438,8,0,0,train
-5.208443281334277,-32.900657590238126,21279,11,0,0,train
-24.274141372804788,19.581334448938545,22911,3,0,0,train
12.916487342564086,19.152458337074997,157232,10,0,0,train
-19.27993720916156,63.096883411371294,39310,6,4,4,train
-4.381367209656021,14.328830893919271,41274,7,0,0,train
-36.03446054573341,-3.3309609517050243,26126,4,0,0,train
-26.448198864064857,4.15861701573988,22456,2,0,0,train
-18.979999836136017,5.559311092723159,24895,4,0,0,train
2.425450860866091,24.516136987916468,39831,6,0,0,train
-16.38490746133751,16.281250508263188,39648,6,0,0,train
-33.7493517089483,-19.058687558281537,39513,6,0,0,train
57.579012431417894,19.36469025032218,42795,8,2,2,train
1.2455938741095984,-27.104975128536893,39774,6,0,0,train
35.13748393874502,-0.4604522580783734,157392,10,0,0,train
-47.877422034893485,50.21895579987179,19967,0,4,4,train
-55.457981436978386,3.0637871547637294,23451,3,0,0,train
-53.32292046715055,44.91623712555868,42755,8,4,4,train
8.939761870770592,-13.190050774832928,22320,2,0,0,train
-6.1191168692004645,-14.006415831361968,40981,7,0,0,train
-2.5933668637085647,1.4704388449486538,47275,9,0,0,train
1.4361433224084994,-26.08154499532043,39194,6,0,0,train
-7.229752936247549,1.0883072069829896,42694,8,0,0,train
-57.99153059157554,20.319793119026247,39213,6,0,4,train
27.5363616747636,-33.837635477120955,157121,10,0,0,train
-27.883649592187965,-33.99666450824796,21948,1,0,0,train
-37.65694636099264,-22.506952620498858,41246,7,0,0,train
-41.53203780903684,8.034497788378806,24720,4,0,0,train
-34.94989766066654,-0.9030467356449434,25453,4,0,0,train
61.31325327304492,-4.499992007159959,24645,4,2,2,train
38.107462808648236,17.568793709598445,22905,3,0,0,train
38.236724095527876,4.147615626310403,21663,1,0,0,train
-28.836957314498385,-39.20527340142779,22025,1,0,0,train
18.07809679500161,-34.15502351180098,25136,4,0,0,train
-16.03048779629439,-5.924966236489108,22303,2,0,0,train
14.256077354803775,3.665219468125583,158064,10,0,0,train
-30.639016314215947,5.847533271002924,25375,4,0,0,train
61.85844192305326,-12.914679776007068,26245,4,2,2,train
-52.059030788373406,8.176518250261166,46977,9,0,0,train
7.129760120038952,41.47785695928624,157487,10,0,0,train
54.84209062362282,19.24446987932043,42054,8,2,2,train
17.38728084919747,21.586548669223593,157526,10,0,0,train
-7.997519914060282,27.75324015136569,24822,4,0,0,train
6.567560269705446,-35.34905965272803,41171,7,0,0,train
-20.661688636752423,62.954733604409824,39563,6,4,4,train
-3.5756604461505637,0.5031273575665951,23689,3,0,0,train
-52.75997582631784,8.985630318141746,20139,0,4,4,train
-6.0093871139350545,19.00394339982655,25059,4,0,0,train
5.474935228220911,35.6352792498778,47196,9,0,0,train
-2.8340160424943495,15.209741591848857,47137,9,0,0,train
10.234851282273024,14.363656396595927,157449,10,0,0,train
44.52160993878155,2.559349692649888,20899,11,2,0,train
-55.55376506200737,15.26887089539959,22651,2,0,0,train
-4.494840873689448,17.034575629446763,158141,10,0,0,train
-15.25949279363557,37.2780437746205,24542,4,0,0,train
-19.715393737510162,62.522008691180005,39899,6,4,4,train
-8.368841360501841,10.590849185023204,22393,2,0,0,train
-25.481841702207767,15.894492662155944,46749,9,0,0,train
57.06942708643855,18.5723341129063,42550,8,2,2,train
-44.710777042511864,-55.24993651837781,24395,4,0,0,train
1.4379372088112614,15.564177202754756,22425,2,0,0,train
-3.6866251197211524,-0.8440524967722289,21281,11,0,0,train
-29.117853607798008,-51.51326061273933,42157,8,0,0,train
-0.6687461958078167,15.370364818884756,22808,2,0,0,train
-20.650118757526464,40.69562917639834,47102,9,3,3,train
-17.22548207002247,21.43287114706711,23125,3,0,0,train
-41.27685140091489,-21.2989332024318,41232,7,0,0,train
-51.725993163180036,18.602939439111626,25565,4,4,4,train
6.674741728378869,-28.153617448457332,23481,3,0,0,train
-23.05470518107389,-42.35443139529677,47151,9,0,0,train
-7.60447961993191,-29.711078831913426,21321,11,0,0,train
-52.5216890663976,27.778632508299463,39286,6,1,1,train
-8.030218867295698,-24.99031548961693,41272,7,0,0,train
30.053916488771716,-21.61450296405674,156888,10,0,0,train
-45.30492899457319,-27.13122769822697,19943,0,0,0,train
-10.55836594461825,12.06269752142978,23087,3,0,0,train
22.362674866842102,-4.647522126386544,21325,11,0,0,train
0.8724121601906543,33.7103771536308,158036,10,0,0,train
35.59222814939045,6.820916272382083,23543,3,0,0,train
-34.98618439409226,-1.4416769767550242,25299,4,0,0,train
-18.38652136241364,-1.3400930732685745,21601,1,0,0,train
-13.54274811375808,-47.85607486506615,22094,1,0,0,train
53.10752457930576,19.837341201962964,42480,8,2,2,train
-43.665751673069096,-16.552399256051636,40523,7,0,0,train
-52.5652052562652,39.45729003225544,24651,4,4,4,train
15.48688454499279,-8.813127856873813,23073,3,0,0,train
-29.964575327867884,-42.65429459378177,39799,6,0,0,train
-49.38469351778171,48.701690269751424,39258,6,4,4,train
-33.59615973979096,-22.74541864794154,20047,0,0,0,train
-22.1393520278066,-41.031110075462266,39672,6,0,0,train
-48.1580998487634,4.494997486470857,40581,7,0,0,train
7.221283231654493,-42.79223472948185,21639,1,0,0,train
12.566825577289368,-17.49256349990888,19856,0,0,0,train
-54.434689097003485,25.23506502607403,40316,7,4,4,train
-3.395811875283335,19.19650869715253,157174,10,0,0,train
-11.72453917472316,22.623553203610122,157886,10,0,0,train
27.285263062015407,8.84474608261108,23303,3,0,0,train
10.081642039617513,-17.594456719859945,157558,10,0,0,train
57.49343837258458,4.69910173264232,39096,6,2,2,train
40.19386826333937,4.453688142337385,20765,11,0,0,train
-51.62795570865384,17.723879348199766,20251,0,4,4,train
24.33090224833025,-16.39494641943532,46737,9,0,0,train
-13.28459042847808,-41.818697019832115,46660,9,0,0,train
11.085330247547123,-8.548805801008164,22328,2,0,0,train
-50.02278635738213,0.7302123938862224,40785,7,4,4,train
-58.627422920413295,12.904753007681853,42161,8,4,4,train
11.435035203194207,-28.195366317564815,22577,2,0,0,train
-33.88673032525239,-48.68284617492897,41720,7,0,0,train
-47.62394688179748,-31.03402095267979,23225,3,0,0,train
-38.046333349873144,8.32309527095127,25948,4,0,0,train
-26.32412075713569,2.096789361442696,22673,2,0,0,train
-35.82199697456866,-24.739807811452373,41629,7,0,0,train
-21.574472394869268,-6.366275141354249,40797,7,0,0,train
-9.76155721582975,-26.05505139646469,22629,2,0,0,train
24.735709322077224,-3.9381179076560286,22875,3,0,0,train
-8.704731019406598,-50.78573118526593,19891,0,0,0,train
-18.486226894481213,40.82269740975846,25291,4,3,3,train
-27.498104303799582,11.101517186471856,48993,9,0,0,train
25.50622195708387,21.52018265315389,156983,10,0,0,train
-2.758119091069114,-19.699735125646427,20892,11,0,0,train
13.535008571623703,41.3813557120984,157010,10,1,1,train
-27.16593119147609,-40.34264079628784,39170,6,0,0,train
-11.701376929308715,-1.315700264009593,22732,2,0,0,train
-7.928937389455231,-0.20642345451054223,22413,2,0,0,train
10.876015544622806,-0.5806657376981402,21457,1,0,0,train
-47.05606419855778,22.167748679589227,26198,4,0,0,train
-54.923461682077146,21.8723514028564,42206,8,4,4,train
8.228634424767773,49.440253259412614,157957,10,4,0,train
-25.878883579363574,14.92813618465883,24704,4,0,0,train
-45.54472584308628,3.582665431583945,40753,7,0,0,train
-44.659916379301634,-16.174477745180234,20524,11,0,0,train
12.90662313845461,1.945797505071603,158070,10,0,0,train
-56.088819095442005,8.024191262393948,40525,7,0,0,train
30.460823815687096,-15.832321444508482,158165,10,0,0,train
-28.503410460883853,9.266502059468577,41315,7,0,0,train
-52.60371982743749,2.2129754412145908,42339,8,0,0,train
24.7712372143093,-22.013993920183758,21254,11,0,0,train
-36.72591366613723,-25.351878996035712,26285,4,0,0,train
57.23535913110845,19.810831248501675,42372,8,2,2,train
-31.67424998593603,-48.14145414266541,24519,4,0,0,train
-19.254923284740073,-35.580290420817974,22324,2,0,0,train
-55.82540668722453,11.880843912162259,23215,3,4,0,train
25.62759538843188,-23.005756276968448,156761,10,0,0,train
51.20156955676603,26.936688545332828,42276,8,2,2,train
21.7207365211103,-4.805087286339841,23413,3,0,0,train
43.32562344771442,3.1868557532563804,20773,11,0,0,train
-58.02759545580835,28.616981068071233,39756,6,4,4,train
-29.816813141534215,58.214327575805896,39465,6,4,4,train
40.040769467780265,-1.4564850167080123,157999,10,0,0,train
24.627477623199564,26.748301918412988,157139,10,4,4,train
-26.743153908071534,-16.93515648868674,47143,9,0,0,train
62.38904438787023,-9.528569307676797,21631,1,2,2,train
24.674870015057554,-4.028372322264274,40681,7,0,0,train
-60.513475177032944,26.9651339204076,20729,11,4,4,train
-4.909820708256404,16.23841885052469,22585,2,0,0,train
8.097797504999704,-14.541168865927927,21893,1,0,0,train
-13.91301431497426,-28.501702761530428,41888,8,0,0,train
-8.93253360231156,11.93231783736492,157785,10,0,0,train
33.55297981738305,-9.006027495480133,20872,11,0,0,train
37.25582929047593,-12.776411777160721,39128,6,0,0,train
28.98005789407078,11.94562827307458,39754,6,0,0,train
-44.467342668902546,5.384700571866841,41943,8,0,0,train
24.61735580970247,26.81874662573366,157054,10,4,4,train
-5.798229769291886,-14.312357562122756,40519,7,0,0,train
-28.195506411824447,3.60599136912037,25603,4,0,0,train
-19.042140040756472,42.14191131332693,25367,4,3,3,train
23.758191059483135,10.243395883793308,157922,10,0,0,train
-43.19974188636721,50.28761754990106,40487,7,4,4,train
7.62854003682612,46.98839301890932,156969,10,4,4,train
19.565044651718384,3.255100306238158,47009,9,0,0,train
-41.48315333603765,21.63071366602738,39961,6,0,0,train
-31.312816140626758,-20.081579436794037,39324,6,0,0,train
-42.30146715556651,-18.449544123329208,20905,11,0,0,train
2.1490062569233785,11.656855239614766,22421,2,0,0,train
-40.728806665549065,5.653541864839633,41982,8,0,0,train
-32.90665238067509,15.646851022883823,25656,4,0,0,train
-18.99695333804413,16.79464847723114,20654,11,0,0,train
-5.346409832839685,17.728648504060793,41193,7,0,0,train
14.89810641273533,20.455373701921665,157129,10,0,0,train
17.959123542734954,34.47826240676986,157989,10,0,0,train
-50.83837850459058,-49.53477620361653,26104,4,0,0,train
-40.26025466460325,-55.39266230547298,39122,6,0,0,train
-14.955852227739108,0.7144556751275357,23331,3,0,0,train
-13.695745088995357,-12.033094278873484,20970,11,0,0,train
-44.2936540029084,-16.546601730981607,40661,7,0,0,train
-53.79498092380328,21.86217361254883,25271,4,4,4,train
27.872317214741255,1.9125687139599497,21974,1,0,0,train
39.338777883736014,-5.806263874065738,21669,1,0,0,train
-42.209490474339546,3.1891988747059883,42333,8,0,0,train
-51.64488925039561,-5.045699904021107,26301,4,0,0,train
29.53690175238906,-2.287956015376067,21521,1,0,0,train
-16.61688049696276,-0.5147147344200352,21603,1,0,0,train
-9.408582224381497,1.3879411790469436,42238,8,0,0,train
-49.16745269309587,43.25070325633756,26048,4,4,4,train
-3.135952786909459,-44.647946222427834,22074,1,0,0,train
-43.27541660533572,-42.97961099645647,24409,4,0,0,train
41.884987940820324,0.9405194683057942,158084,10,0,0,train
-51.68281377101904,5.66338761562115,23519,3,0,0,train
13.002725492734452,2.009821279196354,156785,10,0,0,train
-7.459874176473744,-14.406314374366188,22405,2,0,0,train
-29.24046441086999,-29.334145639959956,20895,11,0,0,train
-4.9105716360047404,-22.135756145014582,20147,0,0,0,train
6.597834414845561,-10.969872425514836,41181,7,0,0,train
2.1307784654517334,49.7059150699497,47168,9,1,1,train
-44.49294467941614,-53.21699649145363,24425,4,0,0,train
50.88917503217556,25.430594051970633,41799,8,2,2,train
28.567458882022695,-30.253095346687896,156915,10,0,0,train
-0.987593602710124,-47.07728445651375,19755,0,0,0,train
-41.020470827155435,42.87484147077194,46539,9,3,3,train
61.74560778760274,-9.565641570496483,25561,4,2,2,train
-16.30267997042856,29.373101388580455,20061,0,0,0,train
17.313761227805397,22.70363359333046,157034,10,1,0,train
-8.196358269299681,-32.929123714020136,41574,7,0,0,train
-32.986584160387864,4.5081666457627705,39519,6,0,0,train
-11.374690368603007,-11.232424526708012,41586,7,0,0,train
-45.712533413843474,-47.42555128236866,42026,8,0,0,train
-40.88519138006052,-2.865170861705214,41049,7,0,0,train
14.722251730357243,16.49432831654908,157657,10,0,0,train
-57.38238885350137,6.7932491419943615,25120,4,0,0,train
49.833026365074616,22.880050766444455,22696,2,2,2,train
13.71070223813706,41.748512387172525,157026,10,1,1,train
-22.557522507331164,61.756016767349834,39845,6,4,4,train
-0.7065974863743953,14.177974924817976,157704,10,0,0,train
-20.102389512925328,31.166054618446278,25493,4,0,0,train
33.35903654138154,-7.109353461591239,21814,1,0,0,train
-22.943933388050205,33.43160327358659,20207,0,0,0,train
23.336510883933034,-8.181504286899818,24905,4,0,0,train
18.717335882654396,-33.77254100729773,19789,0,0,0,train
11.615115135945981,27.70503764801918,157777,10,0,0,train
42.17916752693412,8.213640409730779,47113,9,0,0,train
-48.60346810973499,0.784082157146105,26172,4,0,0,train
36.79819349159875,-1.35520328059452,40920,7,0,0,train
4.062545385500133,38.10405675641486,39190,6,0,0,train
-7.878900840911298,18.287143041357368,41009,7,0,0,train
35.31393422316559,3.454404648393349,23175,3,0,0,train
30.724267415069168,4.150425417481601,24971,4,0,0,train
-19.452627303263284,1.8967482436687453,40479,7,0,0,train
4.718130969061159,33.88696961617511,157601,10,0,0,train
11.51514280754909,43.82338506116072,156913,10,0,0,train
-46.12137629508605,-31.362544066886343,42137,8,0,0,train
9.724190138854294,23.11494076837565,157748,10,0,0,train
-15.293691883267105,-40.77509753722548,42869,8,0,0,train
-16.372254330187953,-6.566072894810777,40841,7,0,0,train
4.701773781332527,42.845370590349106,157459,10,1,1,train
-41.01365368542214,5.111499944771625,41882,8,0,0,train
-38.26341323400939,-24.1332961982225,20037,0,0,0,train
-57.99587835528811,17.835105963386937,40914,7,0,0,train
3.650075274085518,-20.35263253662739,24907,4,0,0,train
16.517269144443603,12.351570080600787,22869,3,0,0,train
-26.785690083574064,6.436038078633054,23387,3,0,0,train
13.372454112049873,-19.747962657329126,20706,11,0,0,train
-4.154562372756264,-35.27332942257313,23155,3,0,0,train
2.353305883433899,38.861454237289166,47198,9,0,0,train
-31.215538649717722,-22.09938505274046,20672,11,0,0,train
-28.087048860391025,-21.609562901447482,22714,2,0,0,train
-31.475232717013615,7.230999473935257,19935,0,0,0,train
-49.673597865888794,-23.714273865684685,21234,11,0,0,train
35.262025733895044,-2.5599693332758036,21691,1,0,0,train
-16.561871004286132,32.52585302462012,24810,4,0,0,train
3.089706914957473,29.876382372008475,39935,6,0,0,train
34.24150243599307,11.809354174573683,23661,3,0,0,train
25.61373012698809,-13.569536237704453,156836,10,0,0,train
-24.041424664730755,8.113718368519121,46915,9,0,0,train
26.579576086775912,-7.419770047900198,22041,1,0,0,train
-10.581147072997101,-0.9669801196588597,22476,2,0,0,train
-19.61483632015429,-32.257101999624965,22269,2,0,0,train
-1.2513493829563007,43.68826487887533,26226,4,0,0,train
40.26647935201083,3.0514505701247314,22581,2,0,0,train
17.885206141660518,32.44835229199445,157767,10,0,0,train
38.457558319627424,-2.9800855715423844,22253,2,0,0,train
-48.4652091858037,26.847377282789065,47023,9,0,4,train
-1.8021409463480502,30.905478680415975,39782,6,0,0,train
-1.715724077555187,8.462294643656724,46678,9,0,0,train
27.33671306684769,20.73004376439297,156811,10,0,0,train
-35.37448970559253,-32.479969378671456,20815,11,0,0,train
6.9199956439997194,0.19513636938535128,21507,1,0,0,train
-37.81766848742693,55.66755638443877,39843,6,4,4,train
-39.90243827570939,-9.973910826327163,26088,4,0,0,train
-16.417651211081687,16.34042331898347,46699,9,0,0,train
-45.39778752608565,-27.71623666894335,41163,7,0,0,train
40.11145776069657,-2.688973430523738,21546,1,0,0,train
-3.2888897712540404,-3.715005237191506,46414,9,0,0,train
-6.685076130222697,-14.584336773445127,22417,2,0,0,train
-29.139601431780417,-23.197758254130427,22322,2,0,0,train
5.477686868448485,37.28982554203377,157945,10,0,0,train
-16.11752560253679,-7.700513724271873,40845,7,0,0,train
-26.370736932478955,11.017322067179677,40900,7,0,0,train
8.626136162388772,38.44146591667236,157605,10,1,1,train
-5.136502558589074,21.715702051241614,25305,4,0,0,train
-30.055655129859282,59.041992649830135,20836,11,4,4,train
0.28769291417971843,44.751358157643324,39192,6,0,0,train
6.675767785765277,-7.958727157452867,21238,11,0,0,train
-57.91461041744505,2.5182621264070195,40934,7,0,0,train
4.692739425158058,31.144397985178443,23241,3,0,0,train
-31.074150610520036,-1.046211141636467,41558,7,0,0,train
11.123539453229697,-5.182115669097252,157477,10,0,0,train
13.188727713816903,-4.686789847763661,157655,10,0,0,train
15.42927848798104,18.09284602997043,157425,10,0,0,train
3.412780398729039,-41.854924429066656,22080,1,0,0,train
-2.8497589908482954,-23.56719370908718,21649,1,0,0,train
-39.55346315048433,-47.259446398147716,46487,9,0,0,train
-27.28705548295425,58.745460610512026,46860,9,4,4,train
-48.585759572684,-58.61384917743172,39945,6,4,4,train
-52.05183202552901,16.24910872250779,23509,3,4,4,train
-36.836540551284905,-38.461637133336154,20271,0,0,0,train
6.878972797152709,5.629919937899631,157508,10,0,0,train
-2.522977028975358,19.378633812134137,40433,7,0,0,train
-1.949357907395127,21.1759176999868,22816,2,0,0,train
6.551243787069538,19.059851587525728,40314,7,0,0,train
-12.69292158206833,24.19754503432083,23089,3,0,0,train
-56.041350322720334,37.02282500272368,41167,7,4,4,train
37.31439377827657,6.687312614793519,21200,11,0,0,train
56.682890458971855,6.435911469598284,20962,11,2,2,train
-9.358437264918562,27.266242304763225,42740,8,0,0,train
-59.06847761253543,28.20556321534604,21212,11,4,4,train
-14.41961434485707,-24.4199160780321,20227,0,0,0,train
-9.93673524286146,10.894936490652867,41374,7,0,0,train
-43.10591255840559,52.56321526337045,24659,4,4,4,train
-35.767293306141326,-53.2814244952979,42145,8,0,0,train
2.4385632667705757,1.45132313984816,25387,4,0,0,train
-44.444601123294234,-49.75422581400932,39207,6,0,0,train
10.587324667034704,-9.263944597076541,41457,7,0,0,train
-32.484788142808874,-43.43152642708016,39235,6,0,0,train
8.921075478490451,23.205016232163473,157833,10,0,0,train
-50.16036021701031,-6.421757367454297,19773,0,0,0,train
-16.518489279794306,10.018558476374462,25455,4,0,0,train
61.17778194862936,-1.3349180279580608,25221,4,2,2,train
1.9871332849791177,-16.661678198580603,46725,9,0,0,train
-39.40541688825982,6.371628492795579,40867,7,0,0,train
-48.18333457899874,37.55822047976842,46909,9,4,4,train
-11.346868842521332,-2.764410800780863,24521,4,0,0,train
-44.11935817052961,-19.85271833618658,23503,3,0,0,train
19.94403850640401,-32.20328499853545,39178,6,0,0,train
-17.407981412530614,31.232203751845535,24546,4,0,0,train
-31.44620608483239,58.53030838633771,40495,7,4,4,train
14.944859223493658,-25.394757991975737,40609,7,0,0,train
-24.62347293138238,8.26728577739277,21635,1,0,0,train
-3.1724929220394413,40.47602210016784,158016,10,0,0,train
-12.196902130554578,24.648426111438468,25682,4,0,0,train
-23.795184776843612,6.979920023001688,21986,1,0,0,train
30.61696470818855,0.8325368014002212,156753,10,0,0,train
35.9799308146593,-0.30238517257320074,22389,2,0,0,train
-39.615639727277554,-8.559518994377918,26255,4,0,0,train
-40.774128947921916,-24.62617930178158,39937,6,0,0,train
-43.64814170631743,-51.739352469732836,25652,4,0,0,train
-22.899534159388587,-37.16599135901134,39385,6,0,0,train
-14.473402650199276,31.236663148292404,25599,4,0,0,train
-26.372331405754004,-30.790319609387158,23625,3,0,0,train
-16.280603827199965,-34.348418103704915,21483,1,0,0,train
-3.875706168172136,20.54777214430793,25609,4,0,0,train
58.068065947235525,16.453935652015318,42135,8,2,2,train
15.405321132945389,-38.656316191709536,156749,10,0,0,train
-0.8338891382106564,-35.944092631428305,23141,3,0,0,train
-19.339790017444912,-26.776626326197505,40605,7,0,0,train
61.68988497941287,-12.320314654402155,25654,4,2,2,train
-54.51471903521512,36.15087499935052,39875,6,4,4,train
-31.95483031050749,12.306281415495183,26042,4,0,0,train
-25.12056797820968,-5.107518541862969,21764,1,0,0,train
-35.42335451571667,15.049523823425309,25870,4,0,0,train
-40.297325075488736,25.263665693685176,48983,9,0,0,train
5.381663039035217,40.16408272750749,157929,10,0,0,train
-5.849551340090684,-23.23294368802511,21002,11,0,0,train
-55.52066771723875,10.100576698065973,21621,1,4,4,train
-43.99287228685047,6.276692238549291,41862,8,0,0,train
-6.651579835048137,-47.74269401794905,20813,11,0,0,train
-43.692707961068066,52.61542291157221,24740,4,4,4,train
58.1884033164437,15.76851951132765,42125,8,2,2,train
40.82309891046353,2.9498715640634354,21182,11,0,0,train
32.74336199595447,-8.942385035849645,20698,11,0,0,train
-24.90669498542644,6.965011567564779,41101,7,0,0,train
2.845211939942338,50.683830880218636,157083,10,0,0,train
2.149850886068757,38.49997677389547,46798,9,1,0,train
7.765713739974714,-31.218780333650013,21505,1,0,0,train
31.650443104110817,1.9705191464846776,41434,7,0,0,train
-30.267304305831672,-48.962615603786176,41093,7,0,0,train
-14.092151939881925,31.77125130354388,41025,7,0,0,train
-2.8170882708915546,20.41513238061808,26140,4,0,0,train
-57.2076792484538,16.38168092065149,21273,11,4,4,train
25.80725375976628,-17.137064409497874,158005,10,0,0,train
2.14115523435453,11.672348320353622,23235,3,0,0,train
3.219590579523894,-42.28931957027061,21750,1,0,0,train
-17.223656053269092,-48.05247568765873,22021,1,0,0,train
-20.692881841806592,62.91375469044053,39861,6,4,4,train
-16.296548983401003,10.740740439873864,23505,3,0,0,train
62.390391461442206,-10.366330748162188,20901,11,2,2,train
-13.603925574422385,-4.937475868504118,41913,8,0,0,train
-12.641703028181357,24.215948990583488,26068,4,0,0,train
-38.49085497570208,-19.118562162274376,40643,7,0,0,train
10.54262391301857,-28.17948752338325,21357,1,0,0,train
25.203841972787917,11.8053198415789,39849,6,0,0,train
31.224635933328845,-14.40761769688405,157267,10,0,0,train
14.33200616848341,-25.543802580165828,20625,11,0,0,train
9.668005798295884,23.740614602174308,158173,10,0,0,train
-4.33270602362413,13.649483955809073,19981,0,0,0,train
-19.537415991986293,26.337480584586313,42584,8,0,0,train
42.053412281001854,3.9240074561188525,21120,11,0,0,train
4.480802300100796,-27.87310572730321,21349,1,0,0,train
35.39549699647196,8.348489222117248,157325,10,0,0,train
5.517869846209756,13.350364468564766,46981,9,0,0,train
-47.40062989076773,37.09088967543619,24653,4,4,4,train
-51.12350136687836,-50.15619390226999,26096,4,0,0,train
-26.921625947630577,-1.4658259095372534,41127,7,0,0,train
-47.303363612751724,-7.427111542642111,21629,1,0,0,train
8.278744875705538,5.886253906268937,46739,9,0,0,train
-13.33443504211004,-3.6880142290379028,19846,0,0,0,train
-42.77668422592616,45.24876751962705,24576,4,4,4,train
-59.060686451825674,22.96334158257758,42837,8,4,4,train
-37.105218539426936,-18.7906251223102,41507,7,0,0,train
3.552047305531392,23.549960678532162,46788,9,0,0,train
18.57851057823569,-10.709286313303084,22362,2,0,0,train
-1.332431558609379,-27.672869407104667,23487,3,0,0,train
-9.58674276707162,-0.652836660334897,22722,2,0,0,train
-48.933341214945514,38.095430450197924,42648,8,4,4,train
-39.010051175586625,-33.60452957160207,41115,7,0,0,train
1.92066613659102,4.279545122984469,46664,9,0,0,train
16.138512295080346,-41.129014255800044,156894,10,0,0,train
54.15245479921481,26.86286894238994,23039,3,2,2,train
23.671477078375712,-15.833917734778614,23553,3,0,0,train
-48.6140330070547,34.21842276721566,19832,0,4,4,train
-1.4000886382475812,-15.413230623259448,39967,6,0,0,train
-33.00736844054023,12.020384302911713,26018,4,0,0,train
22.19237061951888,-4.861359353697975,40447,7,0,0,train
-19.630538093769005,-24.957815073683435,41617,7,0,0,train
-15.105991157193252,-19.402635939007485,46899,9,0,0,train
-27.46802507814156,-1.2397000059610805,41335,7,0,0,train
-37.799810565624384,-46.704727028660656,20167,0,0,0,train
17.75955497897494,9.10709686258098,158076,10,0,0,train
-5.6883699961536776,-37.15015271492476,42901,8,0,0,train
-36.528915229005825,-38.97951801867353,20943,11,0,0,train
-13.984908207990518,30.535171793865906,25988,4,0,0,train
13.428333670000505,41.76164549980591,156929,10,1,1,train
-29.11860762596049,-23.654376901012476,41307,7,0,0,train
-58.24367573457013,28.103066202049185,42386,8,4,4,train
-17.571673687287426,24.06814056220444,46765,9,0,0,train
-39.65451716725635,-59.98999957363826,21077,11,0,0,train
-26.99427388451733,59.86450700984382,40948,7,4,4,train
-44.278158098189266,2.665716803658144,40300,7,0,0,train
-23.954961503415987,-13.505019251569067,21952,1,0,0,train
9.030824689402095,-19.02785530248069,20615,11,0,0,train
-43.1929250947164,25.780093058089697,25908,4,4,4,train
5.245958868136526,49.51542605866091,157435,10,1,1,train
59.862269390487384,-3.1216958339893095,20964,11,2,2,train
-3.741777290866956,42.42083651863881,46878,9,1,1,train
-49.103528006369686,21.56903471384041,41420,7,4,4,train
-48.345989865846164,37.926479905575476,47295,9,4,4,train
-4.982999639394555,-36.36559633467013,47098,9,0,0,train
-23.028564417163437,-26.55535699381737,42704,8,0,0,train
29.893978920153895,2.2228705088346907,23115,3,0,0,train
-5.618217094237766,19.185712247388004,157506,10,0,0,train
-32.838796751483144,3.379125444051665,19749,0,0,0,train
7.917968625865566,36.997280360225716,46676,9,0,0,train
6.114052682574755,-36.05443037729033,20702,11,0,0,train
-57.65783019609589,7.340131827100226,23441,3,0,0,train
-37.11100504806732,-18.928866439200434,40579,7,0,0,train
43.41032585437377,-1.6689444339858932,39118,6,0,0,train
-62.71758917978525,20.097281645550662,24427,4,4,4,train
7.528568608975135,-16.862139678630452,26289,4,0,0,train
-5.572598437766505,-10.737793117231718,22941,3,0,0,train
-30.969697132417693,-9.963790813647053,39383,6,0,0,train
23.48438752051163,10.302325931564782,22360,2,0,0,train
15.863615545120908,6.831738898911959,157321,10,0,0,train
-16.102568483793167,-3.6283498086966826,46467,9,0,0,train
9.302833314383413,35.847691020797015,157520,10,0,0,train
14.834414939330859,16.904341791569156,42311,8,0,0,train
-42.94813718917712,-51.15208620315694,24441,4,0,0,train
-58.254135046098966,30.127301490633506,39925,6,4,4,train
-34.87442939147385,14.50116510888072,26016,4,0,0,train
-17.422077583611276,-0.21263624794382563,39581,6,0,0,train
-47.11200073237816,23.561145659881166,39434,6,0,0,train
-48.61459221396355,-46.08087674073147,39217,6,0,0,train
20.345926118453324,2.384416378425913,157342,10,0,0,train
15.38704089326314,29.44297525455806,157044,10,0,0,train
-50.55961299399168,-12.520652655180394,21228,11,0,0,train
18.000722911531067,33.39934327979282,158147,10,0,0,train
-30.329542639304954,-18.932534647240757,19953,0,0,0,train
14.993386088870388,-44.626205552791106,157352,10,0,0,train
15.734502592003615,-7.979716157479206,41291,7,0,0,train
9.619190571780155,30.97102651926526,157916,10,0,0,train
0.6254656252540052,4.485778769682616,40393,7,0,0,train
-51.6374426215649,-25.78121200237002,20913,11,0,0,train
31.246255506104422,7.0575302544680385,156900,10,0,0,train
-31.10054398475746,57.09432781793443,41404,7,4,4,train
-18.518177959595505,40.75095868024678,25984,4,3,3,train
-48.442206960384325,28.46730474016625,42594,8,4,4,train
38.29361491309153,7.797139690024473,22039,1,0,0,train
-17.173704079628955,31.14030604234778,46818,9,0,0,train
-18.1203482017957,24.06709457153456,41477,7,0,0,train
7.745707814609297,41.09757602151217,23651,3,0,1,train
-53.577263393352936,22.407407178166682,23635,3,4,4,train
-50.500003300011244,29.517219147078844,46804,9,1,4,train
-51.306428116518845,-32.19138415630751,23255,3,0,0,train
-27.739564578975298,-3.1470862922197473,23327,3,0,0,train
11.055750631138896,-32.56618525244623,22251,2,0,0,train
-47.13221250806323,-23.632323730168782,41069,7,0,0,train
-22.225304619180317,11.01064736954995,25838,4,0,0,train
11.493891341139705,-8.781657480290225,157580,10,0,0,train
-53.46554027243461,43.80656372985425,42018,8,4,4,train
-45.33643748017619,52.67878053935226,39254,6,4,4,train
-40.04291487703081,-17.973332513871494,41783,8,0,0,train
-58.79845080734148,40.403627306340454,39750,6,4,4,train
-35.06449236378432,-34.618404941517454,21673,1,0,0,train
-33.97532413424958,-27.45158055648424,39664,6,0,0,train
-5.378829145686239,11.933934547971067,158018,10,0,0,train
-45.42149504223994,-49.76999412083437,42805,8,0,0,train
35.039683516046594,12.030663580118542,156737,10,0,0,train
-54.20732918503346,23.763123180239884,21415,1,4,4,train
15.591891086345289,-12.89348479642741,22597,2,0,0,train
-2.021857078798466,-4.294383657090279,20662,11,0,0,train
-37.57982409230422,-31.500834111025256,24471,4,0,0,train
-21.81520015466802,33.73755111547169,25886,4,0,0,train
24.96136076395705,-21.60102975986172,40761,7,0,0,train
-20.3824157977768,34.7232854253385,25644,4,0,0,train
-52.769033759479754,29.196556308936586,47186,9,1,1,train
-15.369317083797442,25.432496387785136,25559,4,0,0,train
-9.768376141231215,14.136054320286899,24594,4,0,0,train
-49.05999180440392,-14.108237234139871,42246,8,0,0,train
9.578791154302461,15.99429923814608,40723,7,0,0,train
-17.379597450212902,-31.20970189947632,40451,7,0,0,train
-51.179209471458734,42.00048844352786,41095,7,4,4,train
-13.633304583565021,24.281124209281504,46721,9,0,0,train
-50.115495788073844,14.377174394733972,22100,1,4,4,train
-37.89421287718372,13.832197187603331,41099,7,0,0,train
61.535463104848404,-3.030757320775966,24600,4,2,2,train
-33.48866256088507,12.860298091292472,25253,4,0,0,train
-15.3549627960641,-8.245970950411449,41212,7,0,0,train
-1.839396533009543,-8.405632762547,42050,8,0,0,train
-39.63940434383732,-41.60557610139715,20793,11,0,0,train
-29.119085933175214,8.525578125966183,46955,9,0,0,train
-2.592096879826606,28.3487181592945,158032,10,0,0,train
-38.71322083647878,-16.709567372748246,42456,8,0,0,train
15.271344789052627,-7.027704357302812,41139,7,0,0,train
-45.15071296478851,20.223700463978062,47015,9,0,0,train
-4.247057080358003,-28.539452963902338,20619,11,0,0,train
-31.16109536428429,-44.6093255696138,26228,4,0,0,train
-53.90845733797116,-26.850641109623705,21287,11,0,0,train
-0.7309844641148171,-8.221131070154133,39316,6,0,0,train
12.024794082598905,-18.299294296886245,21075,11,0,0,train
-45.69730342943508,28.475097851144014,24550,4,4,4,train
-59.33639618438826,27.478400478148824,41388,7,4,4,train
-56.003689601247885,8.670409170932198,40657,7,4,0,train
17.981486009388874,4.2111562816140475,23721,3,0,0,train
15.125414374300853,-36.46862833768242,156832,10,0,0,train
-46.98183526510874,0.30099432793000824,42268,8,0,0,train
32.576584256467754,-8.366184295504414,40887,7,0,0,train
-0.06285796105873942,-32.096583935855335,42082,8,0,0,train
10.886215098022337,-12.206067641933547,22344,2,0,0,train
12.128565243633666,-38.870373817111386,42893,8,0,0,train
17.09389675906605,-27.973123130409537,20101,0,0,0,train
15.547832965782018,-13.388557718233347,23605,3,0,0,train
-2.7875729115438164,-6.046236823770211,23319,3,0,0,train
5.120827015855783,-38.509469710623904,22007,1,0,0,train
-17.795291343632147,-28.808122243594692,39609,6,0,0,train
-0.7700133125134929,-37.6732104665528,41266,7,0,0,train
-4.8341566499199375,-12.722996047570557,21206,11,0,0,train
15.394694423370996,18.417845911280583,157627,10,0,0,train
-5.1030367712145,19.629415916364817,42349,8,0,0,train
53.38032536449917,19.586385874453207,42474,8,2,2,train
-22.576952932190018,-2.921924509028857,24439,4,0,0,train
-8.355156844635912,2.105577449738514,41550,7,0,0,train
-56.72156037864521,6.827421296573986,41613,7,4,0,train
-17.803560720672337,6.857751249315521,39959,6,0,0,train
-60.948614830610836,20.19144546275821,21275,11,4,4,train
21.108840804579163,-21.93487989814194,157530,10,0,0,train
17.302899033100765,7.260480843166923,157396,10,0,0,train
36.91488024112405,3.701872758808861,21699,1,0,0,train
-37.48535988825453,-50.26639824497917,24564,4,3,0,train
-1.200948044027525,-37.90689285684314,41649,7,0,0,train
-1.6107300599014582,9.09363425039779,157872,10,0,0,train
-49.10793554254715,-15.348265758381777,46666,9,0,0,train
1.4363993137035145,43.621812097339685,24598,4,0,0,train
-25.223258872283665,60.596976586619675,39867,6,4,4,train
28.290686332336936,-8.677653036321686,156757,10,0,0,train
36.43349353209564,2.9469882616577916,157336,10,0,0,train
-31.33897823679667,-19.76726869301751,20053,0,0,0,train
-3.56585421999921,-30.154230194242775,20809,11,0,0,train
-59.25104468165367,12.134283402896157,41075,7,4,4,train
-12.171907824495351,8.863053549330582,24582,4,0,0,train
4.592044282610807,-46.95985096462398,41524,7,0,0,train
-36.812503509836546,-2.4835470099095587,25962,4,0,0,train
21.368699304218293,-20.6211648144383,22212,2,0,0,train
-19.762055289789796,23.749295074469536,25806,4,0,0,train
28.288052455374018,-30.036590881540285,157004,10,0,0,train
9.153360949401929,28.032523821320556,24625,4,0,0,train
-18.682720782425736,38.70355262826418,25219,4,0,0,train
2.245390796666751,30.607969548123293,41831,8,0,0,train
17.653773016914077,31.284955639509352,157852,10,0,0,train
35.328399189881026,11.694519169335818,157245,10,0,0,train
5.9279699098165715,-25.617853754873465,41187,7,0,0,train
-52.29043471668787,1.7092741920769563,42644,8,0,0,train
19.579717783139653,-3.7384639665381956,157259,10,0,0,train
-44.6627930297029,48.964998700125534,42382,8,4,4,train
13.65306590693952,-13.91846358836016,22466,2,0,0,train
18.979429742297498,-7.438990693480985,23295,3,0,0,train
-2.8539599484103135,34.08712892539421,46995,9,0,0,train
-35.784086561824395,56.41506381046901,19907,0,4,4,train
-19.487945825554277,37.667101268026514,25419,4,0,0,train
-30.1139144857226,-3.532441220102219,22346,2,0,0,train
-16.809047475498122,-4.906955027972111,21599,1,0,0,train
-31.171165410967067,-20.655872398789477,20811,11,0,0,train
36.07754483283637,5.55056586225856,21262,11,0,0,train
-45.25880641026569,-32.031595772991864,23403,3,0,0,train
33.22788111931864,1.7369339802217612,22112,1,0,0,train
-33.27545426721974,17.235629906656442,41825,8,0,0,train
-49.3075537107902,-37.2688314379957,39160,6,0,0,train
17.100183018406092,13.757141933526604,40825,7,0,0,train
37.05329518610685,-0.6320428827417234,21913,1,0,0,train
-56.086643971014,9.54885032121537,20656,11,4,4,train
-29.437252039082136,57.72391932012813,42604,8,4,4,train
-13.364522319801875,-6.833732911481968,23147,3,0,0,train
57.81892410066639,15.97779210398021,42897,8,2,2,train
-44.123989012217905,0.7340759847879348,21568,1,0,0,train
-60.31670214448836,1.4068080556475038,41801,8,0,0,train
-61.15890551172407,19.02576370478787,24728,4,4,4,train
12.985085880063181,19.13151268764932,157489,10,0,0,train
9.722007116942471,39.638064632528994,157431,10,1,1,train
7.844155701216028,-7.008963402089778,22571,2,0,0,train
-39.21575886157578,13.189580495272658,25491,4,4,0,train
-15.82714787398876,41.449287829222655,21830,1,0,0,train
32.05408534628431,6.880578126038451,20578,11,0,0,train
-38.60789130815152,-52.63177302019744,46989,9,0,0,train
26.623448111691008,-22.611853665146032,157319,10,0,0,train
-41.65690770888239,-44.46150395005675,20601,11,0,0,train
-16.58597944247652,9.431734638250372,25237,4,0,0,train
6.564836169179287,32.70558215212661,22907,3,0,0,train
14.86221024396924,-44.69193714533806,156967,10,0,0,train
-26.046987285403787,-23.759119498919297,42676,8,0,0,train
31.44651941327658,-6.6205814565366286,19889,0,0,0,train
60.27516410083301,-3.163996391432462,21558,1,2,2,train
-28.131670056221214,-33.158834075987144,22208,2,0,0,train
-41.613553760184814,-61.58930820940003,24865,4,0,0,train
-53.58101146289283,2.7276122355664443,26190,4,0,0,train
2.1675558694370434,28.409197525762448,157176,10,0,0,train
57.82519860707245,15.9852098931125,42905,8,2,2,train
11.36921652911225,20.228485767691527,157485,10,0,0,train
15.90246166248998,9.345935392507682,157914,10,0,0,train
-45.14310081260288,-49.67224149647841,20974,11,0,0,train
-34.28978131177417,19.303991110053094,47194,9,0,0,train
7.411287258913173,-46.56140430232831,21540,1,0,0,train
-22.414912974598835,29.803308280800795,46876,9,0,0,train
18.008576990099176,-34.030259604345105,21004,11,0,0,train
-50.62792833239271,-50.11130432891338,26239,4,0,0,train
39.89730963668448,-0.267599750275902,20560,11,0,0,train
35.107195148795995,-14.568280260616104,21838,1,0,0,train
-15.535990979717518,27.376781688208684,25409,4,0,0,train
-35.46617060612844,-0.3627261284153457,25345,4,0,0,train
23.587295335281116,-8.387056788144436,20127,0,0,0,train
17.324362384886374,12.093283581614559,22615,2,0,0,train
-56.60851086970594,23.233596061368857,42578,8,4,4,train
-20.786704322139524,37.12231460179811,25343,4,3,3,train
56.665882041087016,22.525644131389274,42718,8,2,2,train
-28.763965504518897,-52.53668110638401,42913,8,0,0,train
-50.200895937938654,43.55001896385242,42572,8,4,4,train
-2.1923689281354495,-39.238249248107834,157613,10,0,0,train
-20.302891990483683,-32.92178838842784,40415,7,0,0,train
18.43272792831672,-10.523692106700075,22289,2,0,0,train
-9.730417371549308,-39.19849195144758,19877,0,0,0,train
4.073010491760305,42.00232632266939,22683,2,0,0,train
4.41600576873199,35.28238952375433,23399,3,0,0,train
7.437368749342852,-12.141526928293137,23427,3,0,0,train
19.112643629257,0.2514790410111113,23079,3,0,0,train
51.16507799877989,27.386089348583642,41876,8,2,2,train
5.28927863856792,40.135960637455184,157931,10,0,0,train
13.682844584305144,36.80503772688192,157081,10,0,0,train
-8.477870189677018,4.436241496628872,21655,1,0,0,train
-20.85618461008579,4.769887939505412,24889,4,0,0,train
9.092619639497471,-22.759685090481888,23493,3,0,0,train
10.498040997715169,25.65536298334359,158145,10,0,0,train
-19.688079464121905,-40.7163038938796,21754,1,0,0,train
16.121000626292947,28.845579801620094,157382,10,0,0,train
-18.402466177444346,17.114909485855495,26279,4,0,0,train
17.754913300938526,31.972631573135562,157678,10,0,0,train
-4.5216288665978634,14.387204762444977,41201,7,0,0,train
18.002481726367126,33.229118900891876,158046,10,0,0,train
36.868008261969706,17.294624240439916,23177,3,0,0,train
-10.56930927064045,-19.56680266753861,41089,7,0,0,train
-39.6887484219275,-21.006068205649445,41428,7,0,0,train
8.42135170861765,-34.81432406085477,20819,11,0,0,train
17.797626079255654,18.08481060350778,157046,10,0,0,train
0.39758581079992084,-32.22060643293683,40607,7,0,0,train
-43.022074560145185,46.43992825812015,25587,4,4,4,train
-2.7207863031939823,43.57247915623432,26072,4,0,0,train
-57.381751888422755,39.95594792110907,42406,8,4,4,train
-32.397543599095,-13.026922386847698,39627,6,0,0,train
11.358172837218927,40.79295855593351,157075,10,1,1,train
10.469625793521963,25.413241018753734,157975,10,0,0,train
-24.024526286476213,3.653548012802797,42853,8,0,0,train
5.08601773781869,16.74321722947299,42307,8,0,0,train
39.33040999558166,16.29812972844047,22971,3,0,0,train
-46.99564450477365,-31.267481393377082,23761,3,0,0,train
4.098736888863918,45.940895922465955,157127,10,1,1,train
-47.35061528880921,-5.78992926134679,26200,4,0,0,train
-1.5348345230581764,-13.651474985631005,47025,9,0,0,train
1.7594205490901054,-16.076949339146992,25033,4,0,0,train
51.46262767472301,23.82092842497668,22375,2,2,2,train
16.252652731208773,24.798577615210405,157419,10,0,0,train
-60.49988272427096,15.11888996816059,19963,0,4,4,train
-11.796910150994732,30.51953231933355,21826,1,0,0,train
20.531657679696067,-19.331372943778003,41605,7,0,0,train
-21.45404394742855,-12.797349882781361,21523,1,0,0,train
58.11320230346358,19.523553703206804,42002,8,2,2,train
-13.866498199856226,30.813887437867443,46672,9,0,0,train
8.155943729697611,-18.595090990107355,20803,11,0,0,train
-24.393089448735907,-1.2306489444179387,22419,2,0,0,train
-58.89246407447196,35.49404325272663,40457,7,4,4,train
6.16907249326438,49.65980594666472,157443,10,1,1,train
-22.579960740967238,38.262646585311984,26130,4,3,3,train
-41.0663748529413,-8.655375830017455,21491,1,0,0,train
-5.095732424521729,-13.034420324461472,21248,11,0,0,train
-1.313687596635516,13.035390898682511,21580,1,0,0,train
-19.47441173755694,63.26831997380688,39205,6,4,4,train
15.937057743773934,-43.92843284179965,157133,10,0,0,train
-7.5508346971189475,10.043078705963753,41657,7,0,0,train
-18.230945164460145,16.754073360162028,26291,4,0,0,train
37.17001241572885,-4.633488513644345,21305,11,0,0,train
25.403860266168504,20.319915850700113,156771,10,0,0,train
-2.275351922652912,28.540804360137844,158095,10,0,0,train
17.92971327055145,-5.8694053081549935,41396,7,0,0,train
-28.242064609445844,-32.25511929429342,23377,3,0,0,train
-27.23071055481494,59.91991475981399,39873,6,4,4,train
1.4047632872515248,15.5405713889044,157603,10,0,0,train
27.61463148247756,-21.595519128383707,157380,10,0,0,train
-12.79546407862885,24.06519580642047,23363,3,0,0,train
-17.759610011003073,5.378066215032719,25767,4,0,0,train
22.357985482319062,-0.4176045159409968,157408,10,0,0,train
-54.36340296543794,32.22294065238201,156801,10,4,4,train
-21.524374748185007,40.211768361546135,20201,0,3,3,train
-18.434661922313012,-16.627198704498557,41607,7,0,0,train
-18.54273229031221,-5.298729423113584,40417,7,0,0,train
0.1846098595243788,-4.563091699481531,41528,7,0,0,train
35.276005382612254,3.1072991386800712,23193,3,0,0,train
-28.312874018018135,14.14520041927959,24784,4,0,0,train
-55.4503740383506,40.73707316312823,47200,9,4,4,train
17.588995502451024,22.018000010232804,157548,10,0,0,train
57.59176835530805,16.33940299567576,42909,8,2,2,train
30.553242256105758,-16.879262357315294,157271,10,0,0,train
11.488522104783545,-7.842338608627067,42827,8,0,0,train
-62.753103982345465,17.11909998371714,26271,4,4,4,train
-38.799359260213336,-17.51284084964723,41584,7,0,0,train
-1.2181928203525167,-25.28369432438643,21299,11,0,0,train
15.645318970148509,-10.904167885589926,22352,2,0,0,train
61.23217745199244,-1.3044457735220125,25601,4,2,2,train
30.531060409455886,5.60434085940946,22780,2,0,0,train
-11.990925262450807,6.710412304292892,40667,7,0,0,train
30.371450566842125,-22.32942497240495,156797,10,0,0,train
4.647119769415681,51.838195455191894,23649,3,0,0,train
-28.578321764840098,-34.962507912997765,22516,2,0,0,train
-56.27838462138948,33.115349494946756,41410,7,4,4,train
-47.8278406460941,-18.677440264334628,20548,11,0,0,train
-45.054711246366296,-55.46175428485844,24433,4,0,0,train
-6.654625800394387,-33.006287899746965,22401,2,0,0,train
9.462845444118841,35.98360306967572,157576,10,0,0,train
33.358478590171416,-0.16174443500266267,41214,7,0,0,train
-26.491538579276543,8.597675544240758,42803,8,0,0,train
-52.840586444051226,37.291057390111575,42272,8,4,4,train
40.84655202477748,-3.4793602239773045,21443,1,0,0,train
10.134082570788099,47.78398927806009,157949,10,0,0,train
-20.238187446719657,62.015008304605345,39841,6,4,4,train
15.031096974892023,-2.6232062802027203,46440,9,0,0,train
4.603038154891465,35.68520395333098,157540,10,0,0,train
61.94193088774172,-10.919012052660552,26022,4,2,2,train
37.15386581114814,-3.3872489100274894,21230,11,0,0,train
-21.737265866983236,-6.237992398767252,40875,7,0,0,train
-20.05933250933241,7.456034500798477,46497,9,0,0,train
-53.729357473791495,-21.07485921287311,42911,8,0,0,train
-3.483445015868887,0.13560153866132307,41935,8,0,0,train
-1.6995221401425589,-47.36265845406757,20860,11,0,0,train
-2.8642444736579007,4.132559423027957,47178,9,0,0,train
11.308405400443071,-30.617733374670582,157287,10,0,0,train
3.034257001373456,44.558638887729614,23395,3,1,1,train
-43.43764449388681,-7.090692250851846,39821,6,0,0,train
-19.367673962012113,37.48660992489303,25195,4,0,0,train
-26.07294103932003,18.86713556051448,46769,9,0,0,train
-5.0781664581117045,-13.06873376498576,21124,11,0,0,train
31.116436850047183,6.385339643495836,156987,10,0,0,train
62.232181995994665,-10.973019921403017,25110,4,2,2,train
3.1920262586634127,49.0048782710316,23647,3,1,1,train
15.791616256827478,-39.04639981295361,21536,1,0,0,train
-50.71747810054593,8.031117908601509,19761,0,4,4,train
-36.22641516520818,-53.120983656949974,42508,8,0,0,train
-2.8358784987348002,-6.158918684609605,25055,4,0,0,train
14.662577184677424,30.28398161072683,23161,3,0,0,train
-32.52315474076855,9.25255235776422,47056,9,0,0,train
11.339402892915256,43.29587960472692,24627,4,0,0,train
17.72935530372494,9.020862281773137,158161,10,0,0,train
17.218900717642267,-10.824740585260656,23309,3,0,0,train
-23.06249621618278,61.29429145900308,20179,0,4,4,train
-43.292154197517604,24.715042994981182,47258,9,4,4,train
-22.0563748235194,-6.197625483978395,20801,11,0,0,train
-33.64424835736759,-9.245601980680874,42734,8,0,0,train
-52.89254990623789,37.19888617081182,42596,8,4,4,train
-8.58535510693868,-18.031955735948255,41071,7,0,0,train
-46.92864241047842,48.23777811709253,21045,11,4,4,train
-54.368270591922695,32.30462166319643,39106,6,0,0,train
51.49434529968717,27.23038435848485,42210,8,2,2,train
10.682557165236155,-4.174374259683704,23479,3,0,0,train
-25.150941087286817,44.278601608088394,25217,4,3,3,train
-31.208917698853803,-22.086892552279462,22643,2,0,0,train
-33.1242046087692,-18.463740733849086,39772,6,0,0,train
-26.192638443955797,18.655214101123274,47039,9,0,0,train
-13.946889791947353,-14.104103015968079,42825,8,0,0,train
-24.27284809879744,60.98469848571065,20189,0,4,4,train
18.726055194197063,0.023878335271391382,22931,3,0,0,train
-16.46197096330893,29.88002795563162,25417,4,0,0,train
-27.811499359045285,-35.73332692761444,21319,11,0,0,train
-41.555454405077604,-62.653903209021635,23607,3,0,0,train
-4.7097568852556035,-47.549161563052365,24911,4,0,0,train
26.059471565749103,13.427439701644861,23057,3,0,0,train
-9.353392325335394,23.903089651901055,158105,10,0,0,train
-43.28577897963645,44.68060465069122,47230,9,4,4,train
-47.742383148547546,39.175757375324565,47287,9,4,4,train
35.62587631484932,15.412197995060126,157410,10,0,0,train
2.2893052034896773,1.1235908206438456,25465,4,0,0,train
-25.50262855189169,19.139055783868663,46656,9,0,0,train
7.811580807651424,-18.230887859343607,24921,4,0,0,train
12.772577955267916,-32.41136924997622,156781,10,0,0,train
-7.23584199593178,-23.672634293823414,20694,11,0,0,train
25.836541972904644,8.707794230849357,46689,9,0,0,train
-48.61434683103214,2.7045501383276607,23643,3,0,0,train
32.10482799663109,-30.581982894716273,157141,10,0,0,train
-22.271699179158546,32.82356314558503,25632,4,0,0,train
19.977674442939364,-32.165006813086656,39768,6,0,0,train
-53.56047852679501,14.62216595288247,21403,1,0,0,train
9.258613790880112,19.789897692129195,46642,9,0,0,train
-42.66945474186687,47.84923172853246,47240,9,4,4,train
-24.92893138264794,-18.861785503821913,19937,0,0,0,train
-16.058616770448875,-28.975848766402176,41252,7,0,0,train
-41.47197067444325,5.039930586045204,40851,7,0,0,train
10.374505429871768,42.07922741367442,157799,10,0,0,train
6.548901138534699,-27.75700510803625,22881,3,0,0,train
11.201229516274054,-30.995702922795452,157277,10,0,0,train
-4.046553040034119,44.84605312029818,25461,4,0,0,train
49.965046459442306,24.883809540518232,42216,8,2,2,train
-55.396653061576046,-2.8086374638123073,19959,0,0,0,train
-25.094052024346368,21.222896734461898,47214,9,0,0,train
-47.6254757826986,-6.979021661292948,21564,1,0,0,train
7.569026286282622,-19.405266747357352,157647,10,0,0,train
-7.713464427026391,-14.30402152122317,22407,2,0,0,train
-39.38965262794527,-8.616187045309218,25784,4,0,0,train
-34.64036904940393,53.989090830577055,42214,8,4,4,train
13.30173675461442,-18.30759273315687,21685,1,0,0,train
-27.494257257605252,11.967899662421873,41892,8,0,0,train
19.31580093244413,10.96746470666279,40837,7,0,0,train
29.034024817032265,-9.644536427372227,40427,7,0,0,train
-22.25453958567256,-22.03155617338818,24473,4,0,0,train
-33.02062950595216,-7.232558955814508,39229,6,0,0,train
-7.45250537510003,6.188828790605184,46753,9,0,0,train
17.606918966585475,34.42165254288081,158034,10,0,0,train
-29.559893893657616,6.742930747305245,40863,7,0,0,train
6.034312001836049,-8.580005202761505,41147,7,0,0,train
11.806209688635573,-44.088955911969265,156769,10,0,0,train
-47.384548429803786,28.868110136860746,25878,4,4,4,train
18.19187606926673,-21.990639974255178,23371,3,0,0,train
-37.270731012175034,-2.356825746069336,24903,4,0,0,train
-25.62903808960411,-3.2963237263590877,23307,3,0,0,train
-1.2232574381639925,25.800174721473514,157783,10,0,0,train
-16.537417195816793,-17.93867049424534,22532,2,0,0,train
-47.080483836933624,0.1204550961868216,23573,3,0,0,train
2.935696687318238,-30.56103016923437,22001,1,0,0,train
11.42878058185115,44.18180936128641,156998,10,0,0,train
-9.14431924171666,26.732426506532185,157797,10,0,0,train
-18.50180683359828,17.965332199836443,24887,4,0,0,train
-30.999901739521206,-12.278584954320422,20211,0,0,0,train
18.040310943090983,33.83749055219566,158131,10,0,0,train
-5.378393603940996,-21.679303781001988,24993,4,0,0,train
-7.393943591441209,5.393849061242307,25840,4,0,0,train
-8.892188439910408,43.37775304118824,25433,4,0,0,train
-40.906457551288746,-28.264541140279096,39463,6,0,0,train
-18.02547647393618,-20.588293498298782,22458,2,0,0,train
-7.639441111973312,-16.151050464337786,41522,7,0,0,train
58.545488806430356,18.433252236717646,41933,8,2,2,train
-58.163485875861895,34.60233542960724,20077,0,4,4,train
-33.97740627268986,18.125748901840435,41394,7,0,0,train
-60.18673080438383,27.59148887965043,41716,7,4,4,train
-30.29506670965801,-3.23210422605333,40445,7,0,0,train
-7.796720416871602,12.415665498517138,42628,8,0,0,train
7.830751780183558,-17.66772322190977,24891,4,0,0,train
34.965565381547364,-2.52572911707764,21891,1,0,0,train
-1.6058430753425732,5.108919592653842,22750,2,0,0,train
3.8598431961382396,51.13869980348342,23159,3,0,0,train
28.294050728547294,1.8189084938976556,41349,7,0,0,train
17.473800574082464,-11.108245597990532,23623,3,0,0,train
-22.900617037807837,-5.289724765402654,40575,7,0,0,train
-21.531217152735707,-41.294067026536055,20978,11,0,0,train
8.578425812843982,15.293262930703328,40340,7,0,0,train
-22.680553694240068,-38.07484120586538,41570,7,0,0,train
-43.94891615525695,14.60758267865511,24959,4,0,0,train
-11.694518777941427,12.543947176547467,47216,9,0,0,train
-50.47733195591972,-1.1692713602157105,24834,4,0,0,train
-21.87428090953943,-3.3655304267727284,25966,4,0,0,train
17.94635251744985,-22.409849412722387,22871,3,0,0,train
-49.72443340880844,-20.706243067070968,41400,7,0,0,train
-1.0231772904782233,-16.072701263460885,26128,4,0,0,train
-40.37495417277993,55.418657535727036,19901,0,4,4,train
-1.7954235150114268,-23.322847936926376,21451,1,0,0,train
14.27525013205626,30.601011540554456,20743,11,0,0,train
-59.973456670786646,23.426028594313475,41173,7,4,4,train
24.225508393094263,-10.819259795871618,158092,10,0,0,train
18.76618012126646,2.041006537558905,157346,10,0,0,train
37.69692056900982,14.16716054282447,157160,10,0,0,train
-41.866392743107134,24.18988631359527,25583,4,0,0,train
55.57329069332876,16.452174285648997,21816,1,2,2,train
10.711807813439325,-11.25441660798891,22792,2,0,0,train
3.401788944665121,29.96131757307255,22053,1,0,0,train
-46.11346959796927,-15.624750486570148,23333,3,0,0,train
57.239823908447974,19.81284970858103,42380,8,2,2,train
6.306158701754779,-6.460199698224781,22379,2,0,0,train
-1.7759353992468938,-14.282960529343597,47092,9,0,0,train
10.32715090532594,27.557768671579943,21617,1,0,0,train
-3.441021369016349,-18.91072974269801,42240,8,0,0,train
12.643415483958034,-27.136168732629255,21550,1,0,0,train
8.822273940069866,13.98161848302646,40423,7,0,0,train
-7.545826359247291,-19.667305375952054,42857,8,0,0,train
-49.026746565367674,41.33924126866596,25976,4,4,4,train
-53.364800074006865,39.054855850775425,46808,9,4,4,train
-16.191715605392005,9.955707050045064,25389,4,0,0,train
-3.795952920340511,-35.9228537656532,157568,10,0,0,train
15.427922262150279,-3.6114381573277656,46790,9,0,0,train
3.664098573134547,1.6675263612633944,157560,10,0,0,train
-33.14750840148412,56.76015015941019,39274,6,4,4,train
-21.47248860559416,-12.10490788717734,25019,4,0,0,train
-17.901146980386905,24.545149756594515,40932,7,0,0,train
-12.225499754969775,-15.998522832721251,22645,2,0,0,train
-48.60315292559065,28.81106604052925,39410,6,4,4,train
-58.21753371948812,22.962930130840064,25118,4,4,4,train
35.746831152462846,-11.467611911244619,20682,11,0,0,train
19.566632282770552,12.91707744563311,20617,11,0,0,train
-34.728373549635045,-47.300676909554426,39227,6,0,0,train
13.844147254910396,-17.657137775143063,21770,1,0,0,train
60.318672805408994,0.5932476682801688,24917,4,2,2,train
-11.654909356613416,-14.55655419806658,24447,4,0,0,train
38.573296872782365,2.4753602299655943,22472,2,0,0,train
1.2014560773711835,43.92597278297659,46507,9,0,0,train
34.5413328999107,-11.623270196103073,23541,3,0,0,train
-1.5475940120251437,-6.584882380345157,25930,4,0,0,train
-12.045778721620607,-18.159728708317417,42264,8,0,0,train
17.760030626866218,11.133547308137315,23359,3,0,0,train
14.972506631229045,-31.518390460170064,20868,11,0,0,train
-50.17397614026032,33.3242067865466,41390,7,4,4,train
-2.96520948882661,-23.895822255500864,41850,8,0,0,train
-2.8657391821665072,43.278707564433944,25611,4,0,0,train
-34.75533817781232,-1.2591462132863924,25223,4,0,0,train
12.301841428545409,-28.450428571512273,41686,7,0,0,train
-21.431824573787747,-6.408950177923253,42448,8,0,0,train
-50.204825071202464,2.442610139835823,20526,11,0,0,train
34.59597050867943,7.428143388645509,22377,2,0,0,train
61.19227316312916,-4.093493458706794,21499,1,2,2,train
8.37576118875926,-17.903565260749314,24977,4,0,0,train
-14.58800257395932,7.543270431770775,22794,2,0,0,train
14.224505732935,41.300783283400335,156937,10,1,1,train
21.090790840991243,-2.849055375450631,22798,2,0,0,train
-33.46585158666533,14.97237708792552,42602,8,0,0,train
-43.34552574851975,-43.8140449746619,42526,8,0,0,train
-12.92823951911074,-50.84322684350242,157093,10,0,0,train
-47.8519237894575,14.400950765984433,25575,4,0,0,train
-12.90272953783994,6.813345619448331,40675,7,0,0,train
-9.005655020074899,-18.930520998915874,42564,8,0,0,train
-40.61897978602761,-34.17889599277784,39778,6,0,0,train
-60.15750047696443,21.386711296907603,20151,0,4,4,train
-49.421322263155375,-14.665634645479207,42636,8,0,0,train
36.08203010475614,-13.138796334494277,39693,6,0,0,train
49.01441893883755,5.582149899147536,25045,4,0,0,train
-4.115405516370613,-29.54399383215565,20552,11,0,0,train
-2.8962452470309348,20.42780566224614,26070,4,0,0,train
-46.21588805797781,49.81924856596817,39762,6,4,4,train
-20.533586206115462,37.48228710462455,25421,4,0,0,train
-46.02392380382237,28.822124689391963,24812,4,4,4,train
-24.1782953793023,-1.5014270800846319,23735,3,0,0,train
-31.680750122883246,-3.915534620322135,46923,9,0,0,train
-28.587187717559452,-28.389360614086847,40595,7,0,0,train
3.9183631915807418,13.838188167199993,40318,7,0,0,train
-26.064213739546076,11.093849070199004,47021,9,0,0,train
-15.473756824524074,27.123366872737904,25485,4,0,0,train
36.86023234173507,12.469417760964946,23171,3,0,0,train
-44.8527695984899,4.344123107569561,42789,8,0,0,train
-43.78644516866595,27.765356050883742,20079,0,4,4,train
-15.352133787938568,27.993022352276807,25255,4,0,0,train
-14.598109474065403,-35.72829658997746,20823,11,0,0,train
-43.984744462769626,0.1939068528974509,23703,3,0,0,train
-8.33454921489694,-1.8589787993980766,22694,2,0,0,train
-14.407481070006682,-0.3666254264981095,22538,2,0,0,train
-8.514846129977103,-17.937399978580835,22326,2,0,0,train
-26.110675524799284,0.7993250288712563,39931,6,0,0,train
-15.831856944868413,24.353273712788404,26283,4,0,0,train
-2.14686716009232,-39.56089014181154,42119,8,0,0,train
-31.446812372357996,21.758629559898996,46587,9,0,0,train
-15.399379216597897,-0.2702350722099937,41017,7,0,0,train
-52.077105592058786,-25.149812601954373,22226,2,0,0,train
15.398282911944126,-40.49048056002616,156846,10,0,0,train
-15.117805065863585,-40.66541709115869,23571,3,0,0,train
-7.169734189438982,4.810546932399897,21852,1,0,0,train
2.0892158764965476,40.56546320316245,46601,9,0,0,train
-56.77995208953597,35.88750952572208,21371,1,4,4,train
-45.69787633431652,-60.0197012429648,25892,4,0,0,train
5.838883886999772,44.974229793379294,156981,10,1,1,train
10.915961986770029,-32.02303308975844,22440,2,0,0,train
5.094970375008581,-30.68366542616264,157265,10,0,0,train
-18.13009412026811,7.586322521964853,25755,4,0,0,train
-14.466555934482642,-35.804913664577086,19791,0,0,0,train
-8.52703157202836,-32.277203319787375,42482,8,0,0,train
12.799622771490448,21.645677069573225,157433,10,1,1,train
-49.66960054597217,34.83589292980221,24588,4,4,4,train
3.483164742195097,10.674662107714223,157518,10,0,0,train
-10.031244037820418,-5.552089123063271,41676,7,0,0,train
24.657543462632926,8.226947093690958,21774,1,0,0,train
-54.62156827447113,-25.57829724600943,20921,11,0,0,train
-33.71096931747954,-13.632831384929037,39430,6,0,0,train
-55.342541257424855,4.777768434974069,39668,6,4,4,train
-8.839449991557098,-50.95238594209347,22005,1,0,0,train
-42.89415244530791,-32.59026953507805,23373,3,0,0,train
-30.459431614189263,-1.1388077013104487,49019,9,0,0,train
19.609085680440366,0.891568874080324,21471,1,0,0,train
3.8295996797012855,-16.83614857857468,46709,9,0,0,train
-17.661368986248473,-35.819879645743015,20554,11,0,0,train
-39.397035334284354,55.32172403727385,39682,6,4,4,train
-36.78042281079938,-1.3474289552325804,23033,3,0,0,train
10.332367431129807,-34.52475411379402,22206,2,0,0,train
-0.780476359443746,-30.22666360576565,22354,2,0,0,train
-9.431223474133677,-6.128113554792908,40719,7,0,0,train
-35.05819085492216,13.459415683729292,25705,4,0,0,train
32.779259956447376,7.190199775161391,41220,7,0,0,train
-53.98547763533213,43.99292281040405,41165,7,4,4,train
-18.94732779399732,42.00137826244922,25445,4,3,3,train
13.845272574956102,20.62431569104385,157550,10,0,0,train
-2.2216879400570715,-37.01635011334865,40625,7,0,0,train
-46.95412587424259,-61.206810074150354,25349,4,0,0,train
-59.00987790359022,34.35006087715411,39963,6,4,4,train
-7.438961295551756,12.413016972954797,39770,6,0,0,train
-48.931463540806305,-5.181875360751324,24951,4,0,0,train
-49.93379616212782,42.34284610086503,47248,9,4,4,train
-33.08017054719697,-16.08673508212012,39825,6,0,0,train
10.02934100278437,19.980593958678494,40294,7,0,0,train
-35.32072977738834,-34.31593675860708,20255,0,0,0,train
-52.56321102645843,43.01477569738752,40425,7,4,4,train
-6.145555659285066,-10.688341140735309,41821,8,0,0,train
-30.800016546003945,-0.34717685280265287,49005,9,0,0,train
-43.124702489586966,-33.588003600956625,21295,11,0,0,train
-21.625683860069596,34.47644855765044,46864,9,0,0,train
18.655687452072232,-20.816134984666476,41137,7,0,0,train
-37.326263248554994,-38.756121976340424,42921,8,0,0,train
26.380551975694797,4.189117482982241,40991,7,0,0,train
-24.422741580276124,-13.673638484211377,21917,1,0,0,train
-60.77794702683653,15.310825507228351,24501,4,4,4,train
13.83680093883983,41.844912219327426,156941,10,1,1,train
41.26531638860794,16.06586565516801,20591,11,0,0,train
-23.4828099418161,19.981837699835406,23043,3,0,0,train
-0.07606387516487878,-46.701223297761956,21683,1,0,0,train
-39.43450302831806,53.07023530992673,40942,7,4,4,train
-14.124845234464528,-32.570356925583695,20629,11,0,0,train
-14.45235121547983,8.449124793916333,23693,3,0,0,train
-60.13679989662481,24.382558845395454,19923,0,4,4,train
0.33292692886707265,29.705863394964197,41852,8,0,0,train
-43.41560739196754,-44.62337680533385,39674,6,0,0,train
-38.05852788762958,-9.494257106039736,25007,4,0,0,train
-57.887912951280825,7.813742058912737,20834,11,4,4,train
-4.288305307449495,-38.25278807999979,26299,4,0,0,train
-38.5354046660693,-37.40861762120177,39680,6,0,0,train
-23.51635627898453,-29.648736901600184,41564,7,0,0,train
-11.455726234080178,-39.06297347304752,20749,11,0,0,train
5.096494453496945,-38.0786228672537,21542,1,0,0,train
-27.661503366181417,-18.51729441373189,25100,4,0,0,train
6.480522179273567,21.020738080216987,23259,3,0,0,train
-48.109408384448585,35.80860993544239,26052,4,4,4,train
-40.752153449844556,-40.87085012728576,40505,7,0,0,train
10.305535355717534,42.25422145250354,157710,10,0,0,train
56.486720043195646,23.563862988944134,41959,8,2,2,train
18.02493470531858,33.392583936153045,158062,10,0,0,train
4.104440792606232,-47.30426058583562,41544,7,0,0,train
31.220307480676833,-19.09104317321566,157390,10,0,0,train
12.347823188096456,2.1666518252700886,157769,10,0,0,train
-4.664303346133839,-38.85461262580537,46416,9,0,0,train
-54.801271542113994,5.962113444764642,20083,0,0,0,train
-44.188252299515256,-45.85391159679929,42400,8,0,0,train
-58.483142834735105,13.33731944847513,42064,8,0,4,train
-23.476649150166576,7.871940946665857,20613,11,0,0,train
-54.33925294829605,-21.202582183927646,39231,6,0,0,train
9.993800580714897,2.498412929950191,21946,1,0,0,train
-20.91754239453585,-22.047370468591335,41449,7,0,0,train
-4.094909794260951,15.024812052330606,40735,7,0,0,train
41.555345399483315,15.248859082834828,23179,3,0,0,train
-54.0298012957136,12.600730224438763,42058,8,0,0,train
-58.703112991666444,14.507937520096094,21174,11,4,4,train
5.355200240801558,45.7099260249267,157066,10,1,1,train
-7.9704217524373675,-8.334768861416325,158123,10,0,0,train
35.67103595868531,19.510956042587313,26295,4,0,0,train
-17.8320976023925,8.012740831876398,25385,4,0,0,train
8.175196404986742,-3.8900211374315568,40497,7,0,0,train
-52.83186120543799,-4.724639281520325,20996,11,0,0,train
15.032479432968948,-7.445993340369269,157902,10,0,0,train
51.69009678404963,24.579233962727542,22760,2,2,2,train
-24.25811610449756,7.996437845899921,48997,9,0,0,train
-7.8220146342121115,20.443782648952606,21383,1,0,0,train
-46.21725259623982,22.60992096642766,47303,9,0,0,train
6.235022963612238,-8.742436910066013,23005,3,0,0,train
-5.760844402978641,-22.605187924714375,157623,10,0,0,train
-21.48936949170526,38.684062541921705,25660,4,3,3,train
-4.151434568178846,4.591580310254727,47007,9,0,0,train
-17.201848694674602,30.465761982228386,46838,9,0,0,train
-57.62930212816495,14.555981565352367,40453,7,4,4,train
-2.650051818691578,15.41639781520249,22342,2,0,0,train
6.638019462480038,-19.099613992024143,42208,8,0,0,train
5.908745330698448,7.5047720288010495,24710,4,0,0,train
3.931970819296019,-32.04236285137833,21053,11,0,0,train
-31.639413049395177,-26.197436352544777,42829,8,0,0,train
-44.40554270862741,52.862675721913845,39453,6,4,4,train
7.341952097483194,-38.71841615721483,21936,1,0,0,train
-24.19126799725541,32.70931445102269,26281,4,0,0,train
22.46143532574556,-7.650736756661809,42222,8,0,0,train
3.4789866226892823,-30.90129518594633,23547,3,0,0,train
-2.9540792859335028,1.7998358703612487,47058,9,0,0,train
-43.350501784608056,47.95410744010553,39412,6,4,4,train
32.951288609951206,-2.248889090181797,20129,0,0,0,train
-35.294017898303395,16.795135710099586,49027,9,0,0,train
34.21467549739292,12.43735068355658,21098,11,0,0,train
-36.73315681485941,52.48009528192057,24578,4,4,4,train
-18.054380231055045,-25.888367361626436,40385,7,0,0,train
-19.04904752865078,41.82936890673025,25745,4,3,3,train
3.8795714168663604,46.59583820846876,157451,10,1,1,train
-31.74468094162961,4.199884706568347,39475,6,0,0,train
-16.203016264957725,-1.993810271863601,23273,3,0,0,train
59.92624407479626,2.859297525528861,25429,4,2,2,train
33.013066001817904,-3.678681418550673,41386,7,0,0,train
-2.539031112292763,-9.627718084705377,41133,7,0,0,train
-0.6193741217152198,-6.183387239127295,25311,4,0,0,train
2.9066137426741303,36.07359080361091,23397,3,0,0,train
15.16635181554426,44.2208554863239,23709,3,0,0,train
-13.390712311926247,-24.275707634462016,39308,6,0,0,train
-12.72908690583458,19.216011176277068,24832,4,0,0,train
57.40861939032959,18.869521153358367,42763,8,2,2,train
-58.11714173569854,34.59676366977595,24991,4,4,4,train
-55.19447371640186,6.781609634038897,26124,4,4,4,train
-10.068378282390483,-26.14073836762488,22273,2,0,0,train
16.56786992846355,3.5259202696220955,157386,10,0,0,train
61.452288082714915,-2.8847025376548876,24527,4,2,2,train
-30.370207226421435,57.42774759270095,41031,7,4,4,train
-57.56030468912972,35.63181176359221,41169,7,4,4,train
-18.463625984432433,18.332444450447188,25836,4,0,0,train
-48.19791901804186,-3.316912624739147,39973,6,0,0,train
-56.593875443889445,15.142019268201956,23445,3,0,0,train
-32.3762054450673,-24.9265233117639,19903,0,0,0,train
32.024386058514295,-17.29778480705838,157356,10,0,0,train
-3.7008455024860387,5.439913026961908,39164,6,0,0,train
29.394018972360993,-22.047523083135374,156809,10,0,0,train
-52.56787029215309,16.928232629709765,20031,0,0,0,train
-34.921072100004466,-49.5025776330085,41578,7,0,0,train
-0.2892897231057745,30.511925940671922,47269,9,0,0,train
11.366513193325549,40.58842374688362,156990,10,1,1,train
-51.51009047351451,26.212921321798312,39418,6,4,4,train
-56.45287564729118,34.31460064552246,40944,7,4,4,train
16.372590546347865,23.36882916179042,157593,10,0,0,train
29.30407804049329,11.01262265755091,21697,1,0,0,train
-40.00233891252032,-45.83407432843629,20243,0,0,0,train
-42.667346899339336,50.16058835447788,47234,9,4,4,train
-2.1214886575567826,-23.491544755322906,21647,1,0,0,train
-12.428812671013127,-29.691438989034108,21116,11,0,0,train
1.5422919068965992,12.02873932435935,22786,2,0,0,train
-48.55654625785962,25.876344040650416,46802,9,4,4,train
-51.5881163016075,26.070470636956536,39713,6,4,4,train
56.96533161896458,24.03420247283274,41953,8,2,2,train
-44.792028670047415,-31.08831213708769,41250,7,0,0,train
-12.029181263992614,29.480449730402377,41663,7,0,0,train
34.39142520972379,-3.97852509690624,21915,1,0,0,train
-31.10329753282426,58.0716626192831,39857,6,4,4,train
-26.1840766937855,12.89975075625844,20183,0,0,0,train
-12.811535571870136,29.342424818282392,25757,4,0,0,train
12.225677762701114,-9.933038254846242,22520,2,0,0,train
-20.456828257637014,63.03861544063706,39272,6,4,4,train
4.534723078438123,45.794953415002496,156907,10,1,1,train
-17.72372113353589,-5.595011839537034,40577,7,0,0,train
4.274150286032013,49.37437395394683,22945,3,1,1,train
-49.12927872001127,49.74885418346153,42394,8,4,4,train
31.31209025742162,-16.851461537012046,157283,10,0,0,train
-56.813546320974396,14.792548065463247,20607,11,0,0,train
-19.34833845972247,-3.3558704457647264,23153,3,0,0,train
-44.100119054950966,26.30720767979618,20203,0,4,4,train
16.363564471148212,13.517367928151552,40365,7,0,0,train
8.648143374046803,14.431086995121758,40669,7,0,0,train
-34.66276420774422,15.130773711970722,26032,4,0,0,train
-26.59156485932511,-5.2963383301148115,21611,1,0,0,train
-11.363832957458047,7.400112865277702,40763,7,0,0,train
-40.33220942841949,-46.392090060750206,20259,0,0,0,train
51.225691155526675,25.196993371258436,42586,8,2,2,train
-20.293937749250922,62.22139490677114,39499,6,4,4,train
-53.47117411988674,3.5506639872278205,26178,4,0,0,train
-25.4958309573886,15.483462228402647,24702,4,0,0,train
-45.56279485825975,-54.14708545944494,42939,8,4,4,train
-51.94212141257344,1.4079435872061739,42548,8,4,4,train
-43.38719631959033,24.58812076913826,40861,7,0,4,train
6.855159823866636,5.242792118678903,42115,8,0,0,train
-18.487127069714518,8.335671548882061,42074,8,0,0,train
-15.945817288646307,36.07649563282972,24556,4,0,0,train
61.53012245786542,-9.773989777851087,25181,4,2,2,train
-31.64783802438438,56.52755660016878,49001,9,4,4,train
-34.58201923688716,0.7103114363094571,41329,7,0,0,train
-54.347393322840645,32.327287309715274,156799,10,4,4,train
-24.52806973955656,60.15493219095261,20177,0,4,4,train
61.5144517903251,-3.0976023114550224,25373,4,2,2,train
57.52984307978427,19.861068543722023,41984,8,2,2,train
10.161119247406805,-14.387289455242211,21513,1,0,0,train
-17.899534742294726,33.28599659155542,25251,4,0,0,train
23.90138120529686,-6.2330651872904665,19785,0,0,0,train
-15.404316703956031,26.532528854355846,47037,9,0,0,train
-22.295707260305942,0.6234319197608849,23513,3,0,0,train
-9.051468298122607,1.6022015307989226,46444,9,0,0,train
8.221789429144348,-10.899034271223032,20635,11,0,0,train
-40.776635610524394,12.924818336024378,25425,4,4,4,train
-36.68075245730729,-15.41380602084363,39334,6,0,0,train
-6.818170421582141,27.532819022604283,42698,8,0,0,train
-47.90583703893246,-17.37018327858372,22305,2,0,0,train
-0.10465878346393254,-43.24584094248854,20761,11,0,0,train
15.758675977614512,-28.62203373598084,20570,11,0,0,train
-21.73161606510386,34.23356045858867,25646,4,0,0,train
-8.737979706585046,27.52814960917102,40849,7,0,0,train
-0.7769380980967711,-0.27762614163349913,42008,8,0,0,train
34.45192326852997,7.908296224666598,157164,10,0,0,train
-41.212827386789954,-2.4976830119589435,41382,7,0,0,train
-24.27212000311176,44.01527430566661,25672,4,3,3,train
-15.621956681106376,-19.233951900508064,42714,8,0,0,train
-35.859763226259766,-34.92838577081814,47107,9,0,0,train
-6.082172904400444,20.561750147375545,40869,7,0,0,train
-44.772496169065064,0.5998202996333055,46583,9,0,0,train
-2.2548722163995842,43.70735469815182,26000,4,0,0,train
-56.85502106234793,22.285106438616534,21363,1,4,4,train
-36.07856574364999,-51.4883014057194,19769,0,0,0,train
7.4767346881611125,-31.092581679911298,158125,10,0,0,train
-11.761123871945722,-9.23137012834573,24716,4,0,0,train
-45.568795933903914,-56.87174527627528,23501,3,2,2,train
11.412344191028364,9.7325178338216,156773,10,0,0,train
-30.554128421190192,-15.161885258821425,20011,0,0,0,train
12.382181193493217,-12.763558062977962,40898,7,0,0,train
-9.203822951548426,27.220255085342384,40893,7,0,0,train
5.2044416746895195,-5.8853852780633895,21582,1,0,0,train
28.187685983470306,-30.43600808007734,157000,10,0,0,train
26.46753135481644,-7.863826010855808,21198,11,0,0,train
-36.70740621581665,-47.0315232309447,19893,0,0,0,train
-16.389828699442447,-5.814160052416574,22295,2,0,0,train
-54.2073390635109,21.36237874315728,25982,4,4,4,train
2.8262151593967832,-11.269971400853342,157534,10,0,0,train
-52.273953800295544,17.12073605568577,24505,4,4,4,train
-17.682683047286037,-9.175176023685237,23715,3,0,0,train
17.11106840966257,10.834158362521991,23611,3,0,0,train
-39.09454460467089,6.91893353726911,21411,1,0,0,train
-18.156087428274766,7.53806347740062,25531,4,0,0,train
41.782074382778845,7.208982538386891,22583,2,0,0,train
-20.19437549716428,45.03754620590179,25668,4,3,3,train
-25.448177023682312,15.655408802397268,24621,4,0,0,train
36.22008958391473,-12.436268312808735,21339,1,0,0,train
-2.928821756510448,-44.16820831147918,39719,6,0,0,train
-17.290836451694624,-38.059380923398976,20611,11,0,0,train
-0.10874732761292272,44.14254517768384,156945,10,1,1,train
-2.163221295484302,40.09178334998771,158014,10,0,0,train
56.70870031769178,23.42570519214441,41929,8,2,2,train
-18.276816688236295,-29.842147756565662,22448,2,0,0,train
-23.64234266462853,-36.58576045145968,23205,3,0,0,train
-44.57815960682197,43.30653397930017,19810,0,4,4,train
-18.315182828974535,-15.697079829139438,41503,7,0,0,train
-12.050993251176244,19.303464166055466,47088,9,0,0,train
-41.472419519596514,7.998799399116507,22368,2,0,0,train
-38.25249839607537,-9.560660549412228,25005,4,0,0,train
16.32443153542523,-42.55247066101711,156890,10,0,0,train
15.023590508080115,-7.204416051269333,22873,3,0,0,train
-43.577784088033425,-41.21311650554179,41700,7,0,0,train
-47.85409660024408,37.313901072692275,46814,9,4,4,train
-9.919303312899274,27.214710628132835,25039,4,0,0,train
4.711802972210476,-28.58877351936162,46638,9,0,0,train
26.249332698446732,-14.246864917340657,39457,6,0,0,train
10.530451074299982,-8.271303970146992,158151,10,0,0,train
-44.58373879162117,-4.916016755043855,46695,9,0,0,train
3.422828405140409,-19.545036893144907,19828,0,0,0,train
-60.03852488168299,23.513827884036765,21236,11,4,4,train
-44.1766498392123,-43.20029157104129,42917,8,0,0,train
-62.481644269416066,26.311175021341423,20269,0,4,4,train
-41.82758417163929,41.02776877454819,25441,4,0,0,train
-40.840939106463125,-28.033018437438542,41963,8,0,0,train
51.7058212960161,27.04248953840391,41809,8,2,2,train
-17.74418193622781,4.5505546467019045,39897,6,0,0,train
3.3802998957391956,1.4258639158240487,22116,1,0,0,train
-45.88486041158295,-24.274491729363532,41179,7,0,0,train
-26.616870970113723,-2.958517380757165,24796,4,0,0,train
10.019722770260874,22.95498888374328,157805,10,0,0,train
-28.377445167821076,-44.3927466902682,47070,9,0,0,train
-15.99099688716443,-20.4890457971581,22546,2,0,0,train
7.57588936482815,-47.34580260776323,21538,1,0,0,train
-20.625505507391175,33.74695059793349,25495,4,0,0,train
-7.276106792753537,-20.344619744193675,42664,8,0,0,train
-45.74247466047946,2.469978338375446,40411,7,0,0,train
-44.25035315641702,-5.477527478957442,46705,9,0,0,train
-48.128871426532484,51.13783889379232,42006,8,4,4,train
20.763222749386802,11.530688094620764,46650,9,0,0,train
32.88182893758578,-7.16765341682336,21615,1,0,0,train
-44.791318579623194,-23.371387478704563,20897,11,0,0,train
-48.73033173390836,51.74717165127956,39172,6,4,4,train
-17.514006429156463,-47.9565013527115,40533,7,0,0,train
8.028639613606579,21.46242988114881,158097,10,0,0,train
-30.141567457752284,-41.42051872324902,39367,6,0,0,train
-36.90468137328533,52.83017407377977,24816,4,4,4,train
9.817563111444755,-16.99063858359504,40348,7,0,0,train
-45.924667865120725,32.33855791524633,46609,9,4,4,train
9.502542350844042,20.41133992366357,157641,10,0,0,train
-58.39972308538847,1.0591899199812036,20976,11,0,0,train
-21.818926658007662,36.03874914008502,25585,4,3,3,train
10.932971985419044,-46.86469076041588,157376,10,0,0,train
4.942138842523965,-26.335773368038232,22758,2,0,0,train
-15.655719502388415,27.337541250906646,25709,4,0,0,train
9.879711771042203,14.785949511223016,157663,10,0,0,train
-6.262656449317326,-31.333147931577876,41651,7,0,0,train
13.405932486804854,44.51134538284386,157111,10,1,1,train
-44.7921670553242,52.207320530085354,41011,7,4,4,train
-21.647010669305995,9.873009746637509,24782,4,0,0,train
11.87722424270536,-44.15753273360639,156824,10,0,0,train
-38.3856641153868,-16.517710845539753,24661,4,0,0,train
41.187343965539625,8.803312423172802,21812,1,0,0,train
-1.897895750935902,21.4245691587161,25834,4,0,0,train
-1.1793939519949284,-38.114153228411524,47086,9,0,0,train
-55.912925493410796,4.791914075940758,47068,9,0,0,train
32.91055716685024,7.519127392375982,40757,7,0,0,train
9.164175673347039,27.72078077805354,157763,10,0,0,train
11.273646793703353,38.25352009224612,157633,10,1,1,train
17.14271603725693,-6.083776880755255,22478,2,0,0,train
-0.2679209395025577,6.311820784486206,157706,10,0,0,train
-24.504516837303484,20.73294344954294,22057,1,0,0,train
11.983971917610504,-16.702940211815104,21824,1,0,0,train
11.802916342772917,-44.15909293896122,24881,4,0,0,train
-11.8493070368574,7.065868093942861,22033,1,0,0,train
-3.863395062444649,-38.508456910603655,157091,10,0,0,train
3.540514410508216,-8.139128477028741,42303,8,0,0,train
-31.6103711977293,-12.212736177181942,20217,0,0,0,train
-40.95328016324643,-19.419784404851793,40912,7,0,0,train
-45.98087388574271,13.274275837879593,40401,7,0,0,train
-61.36351055578227,16.04546072838334,20117,0,4,4,train
31.960529832240827,-28.53461325442932,157072,10,0,0,train
37.920843896458734,-10.094100057408088,20165,0,0,0,train
-44.535583244090134,18.14699844274729,46477,9,0,0,train
-50.19578741801152,28.465373932542732,46625,9,4,4,train
33.51332503029812,3.607855855269551,21895,1,0,0,train
-11.876370916208659,-10.042860685428321,42090,8,0,0,train
7.272988830755885,-19.55712106814054,42301,8,0,0,train
-35.46754954731958,-32.92555680301899,21689,1,0,0,train
20.819939385551937,11.935448119497,22043,1,0,0,train
-41.9942079500193,26.560558736659974,19826,0,0,4,train
53.51237504951786,19.30678582218013,42454,8,2,2,train
-1.5333720664105126,8.90717425120155,157787,10,0,0,train
4.691713807449467,-17.876838740910205,42516,8,0,0,train
-49.160722654842914,-14.658143698964132,42570,8,0,0,train
-34.623729637315165,2.371326921928149,20721,11,0,0,train
12.683952653570525,3.783605141293201,157910,10,0,0,train
-15.584694200313338,5.194058149695955,39391,6,0,0,train
-29.82235980996272,-5.567626976092607,41319,7,0,0,train
35.02218605642629,-13.033568632411566,21447,1,0,0,train
-20.27081489890768,34.859750282578275,25884,4,0,0,train
-53.69547723163558,-21.134486142906663,42131,8,0,0,train
28.782406056502428,-32.757476319298775,156939,10,0,0,train
-23.78609961518093,-28.283570955689267,42133,8,0,0,train
-37.65703452943887,-22.50716072328051,41706,7,0,0,train
17.164134721879808,12.24915361766076,40805,7,0,0,train
-5.183179779655387,-14.58566583203924,20917,11,0,0,train
-1.973654668974529,43.23684299221242,157587,10,1,0,train
12.118422839343022,-29.220489536875117,21313,11,0,0,train
8.268208481331772,-14.557955164135132,21709,1,0,0,train
-60.614077742058726,21.39714482889808,20249,0,4,4,train
-12.894765755602755,16.926098693064432,26028,4,0,0,train
29.441893081700204,15.123968695896187,24987,4,0,0,train
46.33026027682044,7.7492520055889695,25142,4,0,0,train
-40.00262228938986,-9.630564799822533,26086,4,0,0,train
-47.47238540887193,49.707539787327164,39543,6,4,4,train
-55.795692205980046,24.152681519521177,40461,7,4,4,train
-28.022219078739706,21.793694265379962,39288,6,0,0,train
-10.722973458382013,-2.0015821745068267,19971,0,0,0,train
-9.127341101894922,-17.336485380337365,22462,2,0,0,train
-56.95915445427288,35.934676779698094,41230,7,4,4,train
-38.90106470138623,52.94302627966381,49017,9,4,4,train
9.764951239806852,27.899749800957345,157771,10,0,0,train
27.639222168964377,14.23315654331162,157840,10,0,0,train
23.61175484817441,-5.143874248730011,21138,11,0,0,train
-33.575636013953414,-8.728874193507693,39913,6,0,0,train
-41.16304406765889,45.16053239023675,25287,4,4,4,train
-15.522720452318381,27.185968540804954,25874,4,0,0,train
7.334704159208613,8.145237451402455,158107,10,0,0,train
-53.471816900487966,7.270458453740508,26267,4,4,4,train
-18.54504239778033,17.928092322254948,21359,1,0,0,train
-44.52138304792986,42.619912792742156,25207,4,4,4,train
9.488875925546115,16.09092536440187,40801,7,0,0,train
14.239348153836005,-9.590830698810338,158066,10,0,0,train
60.55250328035473,0.4212409980543639,24760,4,2,2,train
-33.07764381679232,-16.283005630067684,39615,6,0,0,train
-28.652429707309786,-32.95096656003744,22192,2,0,0,train
-1.3427306761681148,25.77312563678676,157868,10,0,0,train
3.8755263000817006,10.833303435482518,157712,10,0,0,train
-16.84931980089617,9.854973335306791,25467,4,0,0,train
-27.526997325915843,-50.772872329656835,20781,11,0,0,train
-62.28702744036744,26.163917381864586,24431,4,4,4,train
3.094476277749438,50.51600776308722,157087,10,0,0,train
17.49119853736186,23.74731402398808,157649,10,0,0,train
-9.465433801979916,-16.41217559282832,42476,8,0,0,train
15.5006013866568,20.05872397472684,157350,10,0,0,train
43.27618938727433,11.641825358951188,23729,3,0,0,train
-11.692071725210372,19.222448043299202,46652,9,0,0,train
50.00928005157586,25.425428016799497,42646,8,2,2,train
-54.58182539665499,15.322201548099198,46943,9,4,4,train
-23.763838052091003,-13.475000541471696,25021,4,0,0,train
-29.285766563439672,5.535845234614838,25529,4,0,0,train
-41.73141580870585,49.219756309731764,24820,4,4,4,train
34.839403871019385,11.644974302869413,156822,10,0,0,train
-1.85262069495327,28.87409052830897,158010,10,0,0,train
4.514437056943631,36.57759041038797,23281,3,0,0,train
16.53203549799115,-25.086079623617337,20287,0,0,0,train
3.42271063467666,41.799538447993356,22490,2,0,0,train
-52.81879792134849,43.660719499774174,42863,8,4,4,train
-12.512643148029541,-22.494344162860852,21497,1,0,0,train
-33.19013117723809,-5.755266375240921,41368,7,0,0,train
-19.988084781705826,43.78141820663983,25986,4,3,3,train
-4.297633894676265,-14.507342865533442,40535,7,0,0,train
-24.67152548442657,61.272056409957486,39871,6,4,4,train
11.582021026038262,3.6577563495280243,157554,10,0,0,train
8.36904297439466,48.52647013302453,157690,10,0,0,train
-10.829972527556723,-46.11522765959232,42470,8,0,0,train
-3.223951903225413,43.731171430689514,25537,4,0,0,train
9.507923689876183,7.346342259374026,157827,10,0,0,train
-10.927411086261417,-2.2376733488756066,41309,7,0,0,train
-44.8602592422761,-56.917718470634156,25577,4,0,0,train
-25.745710649427114,-6.304975374365348,23453,3,0,0,train
-11.258623473604473,-18.435916656482707,39184,6,0,0,train
15.241313431348814,9.936300753513617,157589,10,0,0,train
35.09711824012892,6.47154620610817,22776,2,0,0,train
-40.5812321079231,-23.95630396307248,40904,7,0,0,train
-36.25408495517955,-45.1122194321659,20279,0,0,0,train
11.692431263771098,23.58104493843269,24742,4,0,0,train
-12.258114439818304,-4.145749683152221,41039,7,0,0,train
42.22956543031415,-0.2906197137050516,22084,1,0,0,train
17.704724688365733,-12.756063031661219,41299,7,0,0,train
-20.44822372754431,-41.53345825958125,21554,1,0,0,train
30.78391665765945,-30.688685843536977,157149,10,0,0,train
10.297585668272848,-45.01274309410371,42895,8,0,0,train
60.523182208538614,-3.6366111128603404,24633,4,2,2,train
-39.278782053182624,6.082897329219091,42720,8,0,0,train
5.865997201119349,45.665065224370665,23711,3,1,1,train
-17.10347252875462,-13.708525205493135,26182,4,0,0,train
-3.2107544482973767,-48.035369786696535,39332,6,0,0,train
-47.94245672143225,14.849270098206873,39338,6,0,0,train
-57.825055394581895,34.1260000521566,20015,0,4,4,train
-47.8986157104318,-12.507720295844344,25049,4,0,0,train
-28.045287452643215,3.524794607497377,46999,9,0,0,train
33.8871681376249,-19.526448339853278,39108,6,0,0,train
36.18313500985397,8.854684669586593,22991,3,0,0,train
-30.200274598854215,57.6976239346135,19993,0,4,4,train
60.27965420183098,1.275435348016581,23017,3,2,2,train
6.168094168955751,-38.781191564646406,41548,7,0,0,train
10.578747794830818,-34.24663287330168,21291,11,0,0,train
30.611097390136653,-30.762531072150942,157064,10,0,0,train
-18.758717008424817,26.632996186199367,39473,6,0,0,train
-0.9915775998134819,-14.32335728033522,26220,4,0,0,train
-38.45633846341296,-10.308252432595266,25023,4,0,0,train
18.569852619895308,1.4008654660706927,21867,1,0,0,train
-3.746062032803276,-43.637642939467554,156848,10,0,0,train
2.2632805198249883,3.967844964587222,41978,8,0,0,train
36.601458774888115,2.223613379379424,156902,10,0,0,train
-25.969955093284586,20.347630909493034,41811,8,0,0,train
-44.514080614512395,20.60345265915599,41945,8,0,0,train
56.727587482489795,22.797349637619185,42738,8,2,2,train
17.37592619594068,10.5138628879014,23349,3,0,0,train
-42.785298005417616,-59.10141190128259,23687,3,0,0,train
-11.950846572665194,-4.055633699814261,22611,2,0,0,train
-15.233742404288769,37.23706780242283,24568,4,0,0,train
12.020167369222065,-37.57025488598532,47147,9,0,0,train
-37.60852897422865,-23.904070065630936,26216,4,0,0,train
-23.098144742612938,-30.412795228789747,23563,3,0,0,train
34.86626413894311,4.369360031667791,20827,11,0,0,train
-18.52867684764844,17.24066811229993,25832,4,0,0,train
32.04617366745988,10.501016704217927,39701,6,0,0,train
8.473322250965957,5.942360297605571,156779,10,0,0,train
-1.3781105962353344,-19.440071741990646,41303,7,0,0,train
-37.59503391510725,-15.024920458813702,39320,6,0,0,train
-41.41086093777534,-8.355597978320425,25990,4,0,0,train
5.469953769399018,24.881273364744033,22055,1,0,0,train
-10.759354987464869,-50.33770502087485,20688,11,0,0,train
-24.650063319840008,35.416997135178406,25185,4,0,0,train
56.77310496344306,24.430319606101648,42341,8,2,2,train
-34.837031795020735,11.87360546017165,25650,4,0,0,train
-44.133697583121176,48.76595506998109,42574,8,4,4,train
-57.3498923455836,35.58036069179131,20713,11,4,4,train
-41.64275841368321,5.395889310890063,23699,3,0,0,train
-17.035353856713485,13.683269743145386,47072,9,0,0,train
-21.077404421085696,-22.21257925969585,41155,7,0,0,train
-39.32632565243627,-7.862988623262466,25792,4,0,0,train
-27.529502381985747,-3.8795622929666496,23631,3,0,0,train
-56.65840799802797,42.393106200686674,19895,0,4,4,train
-34.98757333503549,56.58206668305739,39561,6,4,4,train
-52.95961213212156,16.53155867357071,23447,3,0,0,train
24.020838208583708,-11.041040949309208,158177,10,0,0,train
14.313370612255117,3.917821707208817,157979,10,0,0,train
-41.897948290405225,47.94365286323219,46824,9,4,4,train
-31.770840529770783,-14.857716794451925,39617,6,0,0,train
10.644124677821825,23.710194183871483,158028,10,0,0,train
-5.6115942743869365,19.10484869786851,41493,7,0,0,train
17.95461549602763,5.1324877267867395,23291,3,0,0,train
-21.833916970381143,39.71260327406456,47188,9,3,3,train
4.139118199172234,-34.05021464530908,156739,10,0,0,train
45.31698231587961,10.867872904199107,20958,11,2,0,train
5.630314517057126,47.547359772308624,23251,3,1,1,train
-27.877608610516507,25.06040740201436,25808,4,0,0,train
24.0264110623223,10.214172378475965,22744,2,0,0,train
-49.81482166070579,9.085681438962672,39658,6,0,0,train
-32.92884808378511,57.69151640246399,39402,6,4,4,train
-18.47175837276182,40.615928452073604,25595,4,3,3,train
-18.26268871481235,23.20167223126748,40475,7,0,0,train
13.047596801281465,-18.620085106014397,21413,1,0,0,train
0.7204385074521635,44.10667678329612,157030,10,1,1,train
-48.03630812379231,37.80335823039891,48991,9,4,4,train
41.292354909345946,15.715293935725104,20680,11,0,0,train
-12.048138674892785,-17.44326963240309,42052,8,0,0,train
-1.1423179195502993,14.86132844394874,21323,11,0,0,train
3.851712337565525,-46.73630551026896,41085,7,0,0,train
-36.18196768775769,-35.35812199204621,41643,7,0,0,train
-9.368336897319463,-10.470837717478744,41568,7,0,0,train
-58.2574088826111,22.659901726474782,21041,11,4,4,train
-22.835641607021863,40.49246002177149,25822,4,3,3,train
-40.76670942699104,47.7826211612672,46927,9,4,4,train
-51.07822170500421,-28.24758278985787,23685,3,0,0,train
26.792825674100815,-4.868268966047963,20660,11,0,0,train
-13.729075045884763,-14.055020345252474,42867,8,0,0,train
-18.36853215133975,6.838959634694255,25605,4,0,0,train
-54.437687097544156,24.823567611959994,40701,7,0,0,train
-26.609749026395903,-23.47424881823179,40541,7,0,0,train
51.421209169000775,26.316098046507367,42262,8,2,2,train
-43.564149135713876,43.34064893656017,47313,9,4,4,train
-16.052448259713724,-29.048238262462387,21335,1,0,0,train
-11.755329519951317,28.725411995894994,157591,10,0,0,train
22.974143918049467,-1.8649714031266773,157364,10,0,0,train
-46.95093635461032,-17.14575115771539,23203,3,0,0,train
-30.83881025276566,-12.767738971586793,19850,0,0,0,train
3.714028320427744,35.84344146513867,46957,9,0,0,train
24.14950096951723,-5.989561227562716,40737,7,0,0,train
-57.33345143741012,19.6295537080253,42638,8,0,4,train
-52.346401341555776,-6.9686475569649,24497,4,0,0,train
42.65613134046991,11.010333043993091,23299,3,0,0,train
32.273031705030945,-18.108029022759258,21869,1,0,0,train
32.779259956447376,7.190199775161391,41680,7,0,0,train
-14.433779555568343,-45.79327625459649,41572,7,0,0,train
0.4389795136398895,46.066022242475455,39126,6,0,0,train
-55.236085956539824,-1.523264556948707,22200,2,0,0,train
-49.13115432865476,-46.11307309833626,20785,11,0,0,train
5.986694834748372,-13.669518055973416,41424,7,0,0,train
-48.62723164769838,0.5784856539310197,41337,7,0,0,train
-22.10825800889816,33.67216686339715,25707,4,0,0,train
3.0250713804675353,49.78097408375898,22364,2,0,0,train
16.25171968836761,10.045005649024437,23601,3,0,0,train
5.694703304735009,31.358691642426916,24677,4,0,0,train
-32.667565639936726,-30.681001357150844,20953,11,0,0,train
60.20099888768705,1.9070063003977618,25505,4,2,2,train
-25.356097421919117,13.164990665304979,21786,1,0,0,train
-19.517225390056936,42.690229478832606,46975,9,3,3,train
-17.08876439736574,-8.491570499072719,40725,7,0,0,train
5.623684904023131,49.83497601458248,157439,10,1,1,train
-49.02692096909705,13.403560711203793,24756,4,4,4,train
19.25327582909073,-33.42200899411341,20105,0,0,0,train
30.767921005569836,4.560603811339318,21968,1,0,0,train
-40.57698390727516,13.233828414360186,46979,9,0,0,train
-24.393007843881264,-17.578802990448633,24893,4,0,0,train
12.906792244256323,-25.32844835367727,22088,1,0,0,train
-19.067168715612112,17.10864916505207,21391,1,0,0,train
34.02444230400225,11.491201079348615,46640,9,0,0,train
15.828249136014005,29.157516011129477,157481,10,0,0,train
-40.384926069209456,24.908132567586367,25203,4,0,0,train
-1.2734333188106177,-21.377805033640033,42174,8,0,0,train
29.256875873348786,14.94818966301289,40833,7,0,0,train
-49.730517914395776,-12.645772995855774,40302,7,0,0,train
7.502277366651516,-39.11281676658413,20939,11,0,0,train
-47.97615968768328,10.202025875904996,25972,4,0,0,train
60.77388965625275,-0.3019881005281181,24840,4,2,2,train
-45.045641224002665,50.29531557503145,40885,7,4,4,train
-20.812049900300565,38.84293467859359,25205,4,3,3,train
-44.86917015055006,-53.25000807144606,24421,4,0,0,train
14.163500767541723,-22.80308069546694,21509,1,0,0,train
7.135335778817812,7.254971318294747,24629,4,0,0,train
-11.691499599388079,-11.310829490654315,22336,2,0,0,train
-34.59053105867427,57.34574989934653,42020,8,4,4,train
18.999034836688036,0.35575783531176275,40350,7,0,0,train
17.236512583921726,7.173010437015295,157226,10,0,0,train
19.430746334437345,21.413882665846025,21283,11,0,0,train
-34.615809873854516,16.571809119458976,46945,9,0,0,train
-19.178084007123495,23.565889696680777,41398,7,0,0,train
17.99185042805723,5.135659282519437,157153,10,0,0,train
2.342070786712526,30.55986904545387,41898,8,0,0,train
19.275676567410287,18.89305101053792,157823,10,0,0,train
-14.721402902688332,28.863524438680106,46519,9,0,0,train
7.3923080568283055,-31.148503763341992,21713,1,0,0,train
-6.569799423345399,3.028732680248318,39359,6,0,0,train
17.68983402308662,18.126296957495633,157131,10,0,0,train
-57.099880020662354,11.433482938262156,20980,11,0,0,train
-54.60528476008366,19.478150782378666,20137,0,4,4,train
15.09401903386738,-23.772627169854623,157255,10,0,0,train
15.166285248863353,44.241710741665756,47162,9,0,0,train
5.530074958842,20.854440973904893,22977,3,0,0,train
-0.967254573245679,-21.557097179749803,40807,7,0,0,train
-34.15663834396142,-7.3932364775234225,41317,7,0,0,train
-33.10847250998168,14.59621847553656,42278,8,0,0,train
-3.388574292331505,2.668998424261146,41860,8,0,0,train
10.725980885267496,4.016638981918605,157728,10,0,0,train
-50.46693951288006,-30.61890683050387,20909,11,0,0,train
9.722175239252593,7.525295426509386,156789,10,0,0,train
8.698724590467268,7.453452704419316,157997,10,0,0,train
12.165870328839844,-33.88035082164252,157317,10,0,0,train
-11.431469748280112,16.691426086551864,21627,1,0,0,train
-25.503361562352143,29.792023798781354,25277,4,0,0,train
10.457534845737246,-2.9173996959786184,157659,10,0,0,train
-4.498802670510108,-32.875897370824234,22204,2,0,0,train
0.16321787208670813,6.891170973627299,157702,10,0,0,train
0.05614760069800617,30.350267672566858,157421,10,0,0,train
-44.69103866284996,0.8515153633115693,22106,1,0,0,train
-49.18931010757733,-43.708648484514995,26208,4,0,0,train
29.531425653080607,6.307239225024865,40469,7,0,0,train
-27.454645309795822,13.568217811973108,23653,3,0,0,train
-57.43576943507111,39.59001679086525,42364,8,4,4,train
-48.702547063970485,34.92930946671174,47051,9,4,4,train
-16.905633653966277,-19.171509790335726,41109,7,0,0,train
-27.607849470856202,-0.5478976671642898,26002,4,0,0,train
-4.754917859767811,-25.913348840956896,41293,7,0,0,train
18.890523744253258,19.567337977802293,156791,10,0,0,train
-25.17261996372371,30.044831078710857,25431,4,0,0,train
53.70932058127606,19.214210028026226,42450,8,2,2,train
4.939129417241432,-27.487130770075268,21552,1,0,0,train
-27.08423641713206,21.45601385409211,46747,9,0,0,train
-13.943221713162705,12.907227603884644,24798,4,0,0,train
-18.234080021929095,5.637629556392757,26222,4,0,0,train
8.08823002004181,7.591237765863003,158167,10,0,0,train
-56.682226773383206,-1.385495131258783,41601,7,0,0,train
-26.663382032504256,-42.39684388786094,39805,6,0,0,train
-27.930586601607224,24.935910007332602,46796,9,0,0,train
-59.14874810849986,-2.0459681606816336,20155,0,4,4,train
9.423512133155928,-2.230121156935004,22236,2,0,0,train
7.026516990369629,-8.301892858179063,22937,3,0,0,train
11.887304743094695,6.653959661052843,157297,10,0,0,train
-49.096012579868756,13.90484371886519,42254,8,0,0,train
-62.288432712230346,26.36476622698047,20267,0,4,4,train
-4.743344122320456,21.673323363427798,25535,4,0,0,train
-48.98296864412147,49.910963435297205,20795,11,4,4,train
-2.1298779869269175,4.097764507827785,46800,9,0,0,train
34.37798059781545,-2.4252481555229584,41073,7,0,0,train
5.471665248712389,24.892659685775207,21984,1,0,0,train
6.011816936685921,31.208045873359744,157502,10,0,0,train
-45.57195557905597,-14.266630180750834,40395,7,0,0,train
-44.72125048406251,18.398028280125935,26114,4,0,0,train
-18.358559319467062,-16.681095676612514,41684,7,0,0,train
-42.04599112895596,24.30171045597366,47301,9,0,0,train
-12.727618295097262,29.48531268267429,25457,4,0,0,train
-3.6542610349497684,44.62330348750412,25307,4,0,0,train
8.646103312256695,3.239488749167856,21096,11,0,0,train
-43.51372951058855,-16.467076572441762,40647,7,0,0,train
-14.162936302461048,2.7588785698489366,42412,8,0,0,train
-58.605945755920416,35.4877771945048,22893,3,4,4,train
-54.007813982356254,24.51623503733693,39579,6,4,4,train
-33.70262384954831,10.631002064524973,25648,4,0,0,train
-48.93100677044504,37.40439674094591,42098,8,4,4,train
-47.199357033491296,-47.90295535877331,21039,11,0,0,train
-32.51113155610052,3.6993407792662722,24961,4,0,0,train
23.36374651744745,13.228311107977609,158139,10,0,0,train
28.909415104604083,11.882779930063844,39408,6,0,0,train
7.8208008369236595,37.94083728185153,22975,3,1,1,train
4.473446060332229,-18.416614767436933,39369,6,0,0,train
4.31821217983884,-19.89204830837013,24885,4,0,0,train
-50.20169236549296,2.858619098183475,40489,7,0,0,train
30.231304554631233,6.6907849506324695,24915,4,0,0,train
-44.5315778144456,17.603177726596567,26044,4,0,0,train
-20.409809857783184,-28.63352571255098,22210,2,0,0,train
14.925627976251352,-2.412997642871658,39211,6,0,0,train
-2.024034163560689,-31.93520289422449,21701,1,0,0,train
-19.006416079331746,40.41865066811947,47001,9,3,3,train
-35.91759735280357,-1.1439959536702837,25423,4,0,0,train
-14.499206017983376,-0.44904617327980034,22730,2,0,0,train
-56.66659429190035,9.526930271484316,42726,8,0,0,train
-40.448517118883046,-16.219474621110017,21562,1,0,0,train
56.707969236261974,23.418128150030586,41921,8,2,2,train
-49.45957996315025,33.68590905063269,25289,4,4,4,train
-18.455047184596744,25.264190510658512,24637,4,0,0,train
5.137351359051413,46.893208834047584,23455,3,1,1,train
-1.3127460211994908,-15.850021474174332,20690,11,0,0,train
-46.151565730981204,30.291761965583525,46848,9,0,4,train
-47.249417154259376,46.815158382116124,24738,4,4,4,train
-33.94934807131736,15.512307007645784,41021,7,0,0,train
30.506368622381547,-0.45395921440239095,158020,10,0,0,train
-45.265614971279874,-54.28738129525284,24507,4,0,0,train
10.868939141921935,38.230184134907375,157500,10,0,0,train
-45.470710517276174,14.302813841399663,39981,6,0,0,train
9.728303027712212,-35.33251803497515,42113,8,0,0,train
-17.896199411520012,-2.2232524600362256,46585,9,0,0,train
-23.699560234998852,3.586444172348818,24877,4,0,0,train
12.281970210253224,-15.731644021451334,21051,11,0,0,train
-28.863278097092405,-36.34911987366546,21477,1,0,0,train
-11.145531591618226,-38.855444238852456,42765,8,0,0,train
-0.3534500016738953,28.654926947022542,39487,6,0,0,train
-34.23307880133396,15.242277390771095,40571,7,0,0,train
-39.749920257936274,54.26258689959387,42728,8,4,4,train
56.61547625751561,23.490055116791833,42347,8,2,2,train
-42.94056604855854,-0.37321069629026205,42000,8,0,0,train
-34.927977508597706,-7.477292137562212,41097,7,0,0,train
8.55958967916391,-42.85231444477226,156862,10,0,0,train
36.93528867102958,16.463557169542266,21854,1,0,0,train
62.27955714321955,-11.830118814996263,21090,11,2,2,train
-19.302965275687466,37.062129502586544,25265,4,0,0,train
-56.880131763524844,2.5904921756815895,20542,11,0,0,train
-7.8256690388343575,-13.474780641851225,40405,7,0,0,train
-10.365350623669215,9.996810090849305,25130,4,0,0,train
-47.41288827820968,38.906121713464856,40936,7,4,4,train
-17.594579010205553,-36.269949162161126,20574,11,0,0,train
-37.27870758408837,53.76823878636,41430,7,4,4,train
-1.6588629834527797,-19.641461267923923,21337,1,0,0,train
-40.66937441359178,-22.614893903274602,40407,7,0,0,train
-38.531764973595756,54.82842634375045,39977,6,4,4,train
-40.164568199073415,-55.46211107710562,39116,6,0,0,train
-45.58136991612014,-62.452484970526996,39650,6,0,0,train
3.547912916799449,27.590227377731978,157925,10,0,0,train
56.498910095219145,23.758424171636243,41939,8,2,2,train
-47.1485951154352,-47.92948101256056,24953,4,0,0,train
-48.077168034744574,0.8880553759347436,24562,4,0,0,train
-8.177935228255908,40.80272217162742,41807,8,0,0,train
-9.818591911705722,-0.7986859890929238,22534,2,0,0,train
16.183190361377463,20.446223524690126,157552,10,0,0,train
-17.97619216730915,-1.8399818816617581,23713,3,0,0,train
23.819205706481757,13.116522339596695,158054,10,0,0,train
-50.39448217043696,-50.08209548491837,26108,4,0,0,train
11.504754362732456,-9.16155654453085,22698,2,0,0,train
-41.91521097143767,-35.47198365247037,22196,2,0,0,train
0.7341182730748503,-45.61573162827641,21445,1,0,0,train
-29.357577430035008,5.586677752460732,46727,9,0,0,train
-9.497657735766442,-16.051208894400993,42835,8,0,0,train
51.76985463142951,27.998884386044818,42666,8,2,2,train
-5.389066350168283,-13.826035301570053,21778,1,0,0,train
-41.00025741546999,24.425229059508652,41406,7,0,0,train
-17.27558430943411,33.258827320015016,24558,4,0,0,train
-48.716159926721474,3.4492988686357506,41045,7,0,0,train
-36.69618921014589,-49.80823226059785,42927,8,0,0,train
19.917385136747278,13.78276526984535,41603,7,0,0,train
-59.82381768299787,31.75234675041015,20990,11,0,4,train
55.977779419702244,19.397535599280918,42935,8,2,2,train
-43.99182757370339,42.41425627587124,25283,4,4,4,train
-43.76606345535319,-23.004659190244706,21271,11,0,0,train
-54.364087978139764,19.93054849353034,20115,0,4,4,train
-9.946151703703139,-8.633305757771879,41372,7,0,0,train
-20.11135573827673,44.27108445938788,25739,4,3,3,train
-0.9707350376649,-30.70277867834016,22702,2,0,0,train
9.083444673276901,-23.049054451492058,23477,3,0,0,train
-52.06597409793757,29.773515980909092,24734,4,4,4,train
-47.68656468935225,0.9387962730771366,22560,2,0,0,train
-22.117678933246175,43.34551519044176,25209,4,4,4,train
1.6979648445204045,12.61377669033248,22120,1,0,0,train
-9.625457769769202,-10.615367269716513,42088,8,0,0,train
-21.057157723667878,-13.505952405529285,21982,1,0,0,train
-59.96221719226219,27.186788117039864,24671,4,4,4,train
-0.9381334401824866,12.79791605024778,25126,4,0,0,train
-6.271443674626507,22.20984338237114,26224,4,0,0,train
-36.84250078072409,-3.050266641526456,21433,1,0,0,train
-53.219758193068614,19.163287728569575,39953,6,4,4,train
11.938502589669103,34.23393838004678,156953,10,1,0,train
-46.6231508437708,-40.98582060167318,42779,8,0,0,train
-17.536628416079566,-1.0498550472170354,39851,6,0,0,train
4.535086677243946,48.77203114318742,23277,3,1,1,train
40.61181683646748,9.042634901788817,22391,2,0,0,train
-35.309367904533914,-32.49590218462642,20817,11,0,0,train
50.511003300936565,21.460974809685712,21746,1,2,2,train
26.798683718018953,-7.250111942145106,23665,3,0,0,train
-44.18727390418253,5.789912102890907,46430,9,0,0,train
-24.87280138049021,19.81859355316586,47066,9,0,0,train
29.64435293412752,13.452625234779084,23117,3,0,0,train
-36.48342972426853,12.10011461162341,46499,9,0,0,train
-0.3562495457582937,26.884427886972773,46595,9,0,0,train
17.07066975232919,-20.233091630632813,46963,9,0,0,train
41.9830075966467,15.02566005328154,23239,3,0,0,train
-44.536219688176544,19.032218896931777,41864,8,0,0,train
-49.282871318974244,50.357349039941994,46925,9,4,4,train
1.2480769261150328,-27.207409608649037,39477,6,0,0,train
-33.597612048440745,13.486335684393815,25557,4,0,0,train
5.023742055143471,-25.091531009008914,157595,10,0,0,train
3.2018817523941934,-32.06587500393516,22086,1,0,0,train
10.88137345763294,-11.98084211282963,22728,2,0,0,train
-34.25181218267822,54.724358880308074,46866,9,4,4,train
-33.76482968936199,11.841525004382365,42236,8,0,0,train
-29.93893243031117,-26.012609563088997,21461,1,0,0,train
-0.20217210995662604,-6.432657251723481,21972,1,0,0,train
34.66209294898246,17.865414050455335,40292,7,0,0,train
15.374211715323156,28.609087089627664,157720,10,0,0,train
-57.348581947313434,37.31885292624224,24748,4,4,4,train
34.77360425148866,6.560455644823938,40749,7,0,0,train
-28.026596896694635,25.10661198636742,25658,4,0,0,train
-1.574842272837767,5.354865205434842,46648,9,0,0,train
-44.16576078910063,28.3558950204806,24824,4,0,0,train
-34.90086422922502,-32.312386725547356,26136,4,0,0,train
-39.2497481333639,-36.30802307155771,41432,7,0,0,train
-1.3706599733999525,14.979447408737657,41359,7,0,0,train
29.591204350607843,-10.029407814046218,41276,7,0,0,train
-56.763959229846805,7.8953883839351615,41380,7,0,0,train
-1.3216715833621056,-40.12316048071584,20775,11,0,0,train
-38.84218267469279,54.60241411210292,39863,6,4,4,train
-53.05555422205258,2.7840144575060872,23391,3,0,0,train
-28.467284056841855,58.192934675787214,46599,9,4,4,train
4.531400926486425,20.50507914182551,157918,10,0,0,train
-8.243285464051672,14.195490371370632,23095,3,0,0,train
17.47611101695739,-10.162677163856241,157850,10,0,0,train
-35.837971196851136,1.2566480743751156,26265,4,0,0,train
-4.853695329925669,2.8417831754327003,20717,11,0,0,train
-16.75963816842597,-9.147446028288835,23091,3,0,0,train
-45.39268905576296,-39.23222044536611,40537,7,0,0,train
-40.505550638997335,-62.983035190019166,21752,1,0,0,train
4.618644232765048,52.006908449482125,23099,3,1,1,train
-29.472822821503787,-6.263107930212557,22356,2,0,0,train
58.16945841542238,15.7372475813895,42506,8,2,2,train
-47.12717384746607,34.42373544208951,25737,4,4,4,train
-9.934696167239869,-12.971308828486496,23753,3,0,0,train
-15.405741153848574,29.512563338719264,46842,9,0,0,train
5.986276380148489,-13.741002975702308,47115,9,0,0,train
-23.54307850227942,-6.889824135920085,23567,3,0,0,train
-7.889697851813793,41.1512944827618,41919,8,0,0,train
-27.38332082105891,-39.689232671607186,39203,6,0,0,train
-10.282364216590897,-22.739019189503455,47141,9,0,0,train
31.457043515954805,-7.041331597144645,20700,11,0,0,train
8.372521273116249,-8.180436538505582,23083,3,0,0,train
-2.6900511242645635,-6.3648360437142575,22742,2,0,0,train
-39.709921083470576,-33.588853215900045,39531,6,0,0,train
14.976189805325394,17.147389232632563,42702,8,0,0,train
-16.810544867568915,9.829886589321696,25301,4,0,0,train
20.36319087561798,-33.45728120372415,47125,9,0,0,train
-16.20466869776593,-0.6245094835679834,21802,1,0,0,train
-46.09348228423602,-24.270182843462678,22647,2,0,0,train
3.2252148029730403,46.63477950809154,23521,3,1,1,train
-24.50082956334537,-17.754293898473154,39601,6,0,0,train
1.1835356950266966,-25.18842480273912,19757,0,0,0,train
-60.33721833742537,14.43794468470675,20603,11,0,0,train
2.44315572522709,-16.138973597327357,39811,6,0,0,train
18.885510000254392,-5.651725816339138,42678,8,0,0,train
-4.289123943404136,44.926504237849215,25383,4,0,0,train
-32.66500510922371,15.653602794491448,25896,4,0,0,train
-17.363313709007222,36.58036779790997,25449,4,0,0,train
-19.59219005506054,-39.28729736895971,21069,11,0,0,train
-40.394925387372965,-60.604902026661904,24883,4,2,0,train
-9.395417773477545,-15.778603106662798,42444,8,0,0,train
15.10598052526229,25.980884706405963,156909,10,0,0,train
12.404093644021042,36.2537542897945,23339,3,0,0,train
-29.69698197182218,-34.21246978105398,20562,11,0,0,train
-26.633990716774864,7.002342185046605,22718,2,0,0,train
-11.397284091145695,-3.6458724150445003,22502,2,0,0,train
-2.6435089781430783,-4.626953152171964,24869,4,0,0,train
-28.275092416948883,-1.452263190183208,26144,4,0,0,train
32.60277095465946,-12.022037463751252,21192,11,0,0,train
-51.525789191326425,43.03244548617141,46495,9,4,4,train
10.24302256891109,7.912201145919747,156759,10,0,0,train
28.496171148945148,-18.546612161556137,157263,10,0,0,train
-10.289876893585646,2.4113663689704836,42654,8,0,0,train
-7.700636936340063,19.982335715534195,19939,0,0,0,train
-5.552623444487828,-30.18030695871595,41268,7,0,0,train
8.13868039421751,49.58343538048098,158127,10,4,0,train
-18.82484952151722,-4.395677713185396,21978,1,0,0,train
14.929450448642093,-6.2228025808930765,23425,3,0,0,train
5.226923944560321,-17.031423939389835,41566,7,0,0,train
17.16824857609889,-7.089742629216182,22635,2,0,0,train
42.331019104597075,1.5207628895703857,157315,10,0,0,train
-56.22721729415122,35.265142954118005,42416,8,4,4,train
-40.44305716788856,-19.366761278305287,41538,7,0,0,train
-56.891558661736966,35.12918556017807,40922,7,4,4,train
-2.9113988391143995,-4.94859714071552,47267,9,0,0,train
37.489468846981595,-4.657971346128543,157305,10,0,0,train
21.426673298820607,-1.2765989825897228,21469,1,0,0,train
21.132559670951355,-5.052617637894811,22554,2,0,0,train
-49.084165610894885,-27.99320163887754,41868,8,0,0,train
49.55350127813763,22.32228034340561,21881,1,2,2,train
32.22711485269237,-17.67511644450635,20599,11,0,0,train
4.461019428640377,45.58611930950566,156957,10,0,1,train
-39.86142690031298,-53.22400407165581,24445,4,0,0,train
-39.10145609612718,-26.58399185915013,40539,7,0,0,train
-44.511903499703976,-4.968898005788966,39225,6,0,0,train
-31.509844958359295,57.72312663896933,39268,6,4,4,train
38.20795183419132,-2.85727923692967,21190,11,0,0,train
-4.806005958961574,-19.866076944816907,39921,6,0,0,train
30.132800221475154,13.325240328676191,25031,4,0,0,train
24.589569694573978,-20.619112791100928,40298,7,0,0,train
22.014013406262745,-33.898229922815204,39784,6,0,0,train
34.974812110612675,-2.79726842288764,19783,0,0,0,train
-2.4282056970972468,16.005076918614954,22726,2,0,0,train
-34.005322196439096,-7.019171540795604,40443,7,0,0,train
27.06063458397257,9.856536139157408,23293,3,0,0,train
-33.12512888370243,-18.466732791471788,39776,6,0,0,train
-18.294650110138747,26.80465128143023,41123,7,0,0,train
-40.48110882887096,-63.1001097721269,26251,4,0,0,train
10.743031935548675,30.914632855030444,157672,10,0,0,train
-59.19530093613234,11.798366870005495,21112,11,4,4,train
56.36110546203801,23.77168913300169,42309,8,2,2,train
34.94646519822511,-12.867505935139503,20757,11,0,0,train
-49.581982721200276,-14.88043817744875,42004,8,0,0,train
-43.10421757850111,50.8181627446602,42402,8,4,4,train
-48.61723977926712,-3.157890527329883,23529,3,0,0,train
-21.99831824593019,61.992467237544275,39746,6,4,4,train
-52.34475434704147,6.506562319569124,39371,6,0,0,train
-26.10061198271332,60.34532389625042,40956,7,4,4,train
12.074605469612255,44.00782649926195,157095,10,1,1,train
16.130128852873543,7.281214180105785,157736,10,0,0,train
32.66949396926843,0.16534449841722199,157222,10,0,0,train
-40.62983196497536,-14.311013972943877,42847,8,0,0,train
-1.3236013128524107,40.65900732978366,157880,10,0,0,train
12.87470672748589,37.64021596337271,23525,3,0,0,train
-19.87361006828096,4.683825695955261,24909,4,0,0,train
10.160260863222302,14.493471740806642,40705,7,0,0,train
-35.88175977879176,56.396573446619826,39847,6,4,4,train
-17.735655885740634,-16.726999322991674,21889,1,0,0,train
-16.537356672921664,30.14928556062836,25339,4,0,0,train
-54.400311348631206,6.074341006836995,20081,0,0,0,train
-51.51139317260231,3.0537089490940605,41392,7,0,0,train
-18.645468352560933,26.450140581261792,49023,9,0,0,train
50.795787281186946,24.48142995382594,42568,8,2,2,train
-59.4876146883784,23.193454501809857,40413,7,4,4,train
-49.39020997484778,16.533848665256738,20019,0,0,0,train
-30.719947281049468,-1.7130007497934034,41509,7,0,0,train
3.6694255539912177,10.664411653340792,157716,10,0,0,train
-0.549624122048348,0.2942529942945564,40326,7,0,0,train
-42.92458373360604,-59.096990787984964,23317,3,0,0,train
-31.172180423183853,-29.408306179037737,23015,3,0,0,train
-52.814781199315576,3.017064862176918,39336,6,0,0,train
23.72353973697823,-5.272693234965881,21780,1,0,0,train
-34.475534768727414,5.099780966853249,25842,4,0,0,train
-2.5827897544594167,-10.29721651314169,41595,7,0,0,train
10.521322023217657,-17.686189592721718,157170,10,0,0,train
4.463402687946081,-8.643022853912553,40823,7,0,0,train
16.82583331197506,-6.79962161865501,40377,7,0,0,train
39.87782720841581,-1.768208174035753,20929,11,0,0,train
34.38746014261284,-6.134581294478071,41199,7,0,0,train
-18.688197333124116,39.42528355484133,25371,4,0,3,train
37.25868273053375,-1.90015294222348,158169,10,0,0,train
36.17805978320031,11.679507490742681,157330,10,0,0,train
-39.29227733779299,52.554110833374764,41994,8,4,4,train
-44.6087616244469,-19.669671129344167,22957,3,0,0,train
-34.98674198052836,15.189095712806619,41485,7,0,0,train
18.150456383967562,-22.607811710878863,21232,11,0,0,train
-49.172775364315,30.60153838499147,47222,9,4,4,train
-25.804532556275866,-17.18349568416827,47127,9,0,0,train
4.920990653865413,46.44510887907553,23071,3,1,1,train
-48.10945131161587,15.310552342523852,42204,8,4,0,train
54.8389465457104,19.25157024947556,42062,8,2,2,train
-4.689075354867218,-34.21371954659112,41698,7,0,0,train
57.329752007211056,20.44647061577615,42022,8,2,2,train
-51.33506155909093,35.86793486711744,41408,7,4,4,train
21.648280731609567,12.082057509448989,47035,9,0,0,train
-6.973899855934322,39.3683669667887,22427,2,0,0,train
-23.7550878831579,61.13847188576513,39557,6,4,4,train
-30.070185815636407,7.046729883576799,25753,4,0,0,train
-28.66475054591541,-4.634568587964302,22528,2,0,0,train
-44.84691382851612,-48.69285140213307,39827,6,0,0,train
-44.487383405067874,18.663196359790227,41872,8,0,0,train
8.51158355392067,28.886895571892648,157884,10,0,0,train
-30.28056498986805,-4.530545576691523,42060,8,0,0,train
-13.39210084078724,-34.692294591097294,25090,4,0,0,train
10.700070756513824,-46.09383064008108,156923,10,0,0,train
-38.719178744602694,-23.867713428304267,23463,3,0,0,train
-32.80741492560006,56.86283882518396,40491,7,4,4,train
-33.337003101922576,-10.071495902518738,20213,0,0,0,train
-33.972715698231085,56.721763289807015,46919,9,4,4,train
8.656261341662127,21.64964363811998,42048,8,0,0,train
2.138923378266396,-37.94885443978268,22184,2,0,0,train
31.27661684955969,-7.445848272192415,41738,7,0,0,train
-15.687460501640798,22.395548452151793,40493,7,0,0,train
33.151090492463,-3.8235656578847337,21419,1,0,0,train
-43.362395695532456,44.511360405476296,25591,4,4,4,train
12.39815905808717,5.150846524199912,156947,10,0,0,train
-27.71358446027727,-26.65645072202799,21037,11,0,0,train
-37.76779106511726,-47.49547454691485,20123,0,0,0,train
-50.47873407573087,-0.3682552291300874,41175,7,0,0,train
9.604128436786901,27.417497312873177,157848,10,0,0,train
-0.23933937262257743,-7.637654472218895,22867,3,0,0,train
20.763998050767785,0.4576345384623932,40671,7,0,0,train
-52.75493821856706,4.8355445084455,19921,0,4,4,train
-28.047192825299042,6.812275893278448,46662,9,0,0,train
-55.537220264986374,14.913642477575607,21088,11,4,4,train
9.754759790545148,31.68085984548045,157236,10,0,0,train
-30.831706217866,57.562713263234,42773,8,4,4,train
-16.195945320111207,-2.0993749701185207,24708,4,0,0,train
-22.098240437786075,31.679348021296573,25177,4,0,0,train
-18.377491273473666,-48.334463858335894,20751,11,0,0,train
10.459816312788373,23.684605148915384,158003,10,0,0,train
28.715849483454637,-32.83414318123232,157109,10,0,0,train
-48.62626779137217,40.5094717190331,46432,9,4,4,train
16.69699637950827,4.956710601501353,46759,9,0,0,train
-36.01119009141231,-49.328911273664914,42931,8,0,0,train
-34.19345009939734,-34.33846338403582,41722,7,0,0,train
-22.743569910612504,0.6709332508594996,39686,6,0,0,train
-49.12908024037638,21.576237679730543,40649,7,4,4,train
-27.335077702335294,-21.875491090445458,19965,0,0,0,train
-22.399875635555613,32.88523131138419,25872,4,0,0,train
-16.22641109136868,-47.571146425343585,20935,11,0,0,train
-23.31917598690081,-29.620159824051107,46733,9,0,0,train
-19.989909311941396,7.219475322257034,20059,0,0,0,train
-9.38622089668472,23.913659512523978,20091,0,0,0,train
31.02597672530526,-15.27899313760658,157301,10,0,0,train
-26.442200999567554,13.265052802794225,22130,1,0,0,train
-56.73354068182755,40.8486642664691,41244,7,4,4,train
-6.560114560176615,14.012955372605747,157878,10,0,0,train
-48.72495854175965,49.553288473911834,41159,7,4,4,train
-32.784881647431604,57.811171694278414,41422,7,4,4,train
58.13125021504962,16.65095405011026,42524,8,2,2,train
-4.270617520337573,44.86904158557516,25231,4,0,0,train
61.64873008132852,-7.736433592354255,24493,4,2,2,train
-57.046614120683145,32.12847675781656,22238,2,4,4,train
-50.50190693878274,-14.914859521329742,21166,11,0,0,train
31.669483959637443,-13.996072897554434,157291,10,0,0,train
6.629150579931771,36.517078644090475,157123,10,1,1,train
31.69631511934703,17.804608395880155,157198,10,0,0,train
-45.22443355727057,48.46589725100199,19997,0,4,4,train
-35.10046290718566,21.383458973890857,42650,8,0,0,train
27.994188942644048,-7.070524594068997,41682,7,0,0,train
6.165221889610766,-42.62678284152889,21934,1,0,0,train
36.35949804175755,-4.9171018865965035,21244,11,0,0,train
2.2046654780991304,24.648574787571878,39829,6,0,0,train
-1.8122876992392651,-47.41985712336549,42925,8,0,0,train
9.98878039669711,36.65972513573152,22234,2,0,0,train
-56.852944415521506,4.866415847117629,19961,0,4,0,train
-40.56525016811071,-45.44144394764247,25104,4,0,0,train
-6.964816954397871,-15.059392397346677,22338,2,0,0,train
0.5535938875273754,2.2111926668350232,157514,10,0,0,train
-38.379429479103145,-28.65045529563346,23325,3,0,0,train
13.778426077082901,-30.020983757849102,21341,1,0,0,train
-55.93382732486454,5.326837299815872,20025,0,0,0,train
-41.72838939716755,-62.169213830179444,21919,1,0,0,train
-12.838968593869335,16.99459917844392,25956,4,0,0,train
-26.6084835751231,8.489796205189899,21592,1,0,0,train
-29.464797758023682,-25.349500580271133,19999,0,0,0,train
-2.8715583579757995,40.1308713457732,158117,10,0,0,train
51.50509287710774,27.766332840107747,42652,8,2,2,train
-14.282718306006476,31.06832267018176,25914,4,0,0,train
4.493958253624246,42.42995818471286,157625,10,1,1,train
-57.16025017627517,22.921746576639645,48999,9,4,4,train
34.085569665917745,11.194393759298894,156820,10,0,0,train
-37.146165236223986,-4.780192072774931,23187,3,0,0,train
-24.71437615946374,32.87075680286823,26134,4,0,0,train
8.01611092690636,-23.987167411709795,21677,1,0,0,train
27.21679211605041,8.480923935341288,23663,3,0,0,train
-8.979774770277926,15.362569340518643,25607,4,0,0,train
-4.788919539423389,44.85277792906648,47254,9,1,1,train
27.771552787252272,-20.86330639146363,157404,10,0,0,train
-13.276272382645324,-41.809424151699915,41005,7,0,0,train
-26.114038233842408,-27.658451940820065,42313,8,0,0,train
-26.67930404375375,-5.2891497501674065,42398,8,0,0,train
5.926148316601584,-11.409178942408767,22609,2,0,0,train
-44.5852270840858,13.083729526546232,40419,7,0,0,train
-16.353253759928144,7.635568577885946,23365,3,0,0,train
-29.342416581441647,-17.38455809810754,20067,0,0,0,train
-56.063800767613074,5.907273767696067,20071,0,0,0,train
-44.521101260772895,-17.0821168036669,40369,7,0,0,train
-41.9013302548371,25.48431112885276,49011,9,0,0,train
3.649702113346926,46.050324359744494,23191,3,1,1,train
-34.868046776213255,-35.2517337235313,40521,7,0,0,train
-11.533397369876813,16.46233605406008,19951,0,0,0,train
-17.459753645316507,-15.38377865009698,25617,4,0,0,train
53.71031951817085,19.213362300573422,42442,8,2,2,train
-43.37256191239271,-0.17628353735095903,21277,11,0,0,train
-4.688893893577565,-34.21358447426364,41238,7,0,0,train
8.05965554092472,-39.393943072796986,156878,10,0,0,train
-58.3726547868293,7.351933055306009,23575,3,0,0,train
-2.5561332736156244,7.545924233286289,42070,8,0,0,train
-16.91132834410086,36.21715156483421,25295,4,0,0,train
-57.04115668484437,9.741450992630739,42468,8,4,4,train
16.089746026651323,-9.058683776138379,23733,3,0,0,train
60.01279265001446,0.6419261351381229,39162,6,2,2,train
16.71035365258313,-30.244826582535154,20874,11,0,0,train
-0.06284829073032405,14.785349677680768,40437,7,0,0,train
-26.694464099797454,13.24357660617285,22409,2,0,0,train
-11.409735886651974,0.18679695229337256,41554,7,0,0,train
11.453754768442224,43.72845109752299,156917,10,0,0,train
37.78289928132952,-10.246844960289808,19801,0,0,0,train
13.983102736493993,30.416470254280384,157358,10,0,0,train
2.954507665606151,47.808669409241176,22879,3,1,1,train
18.859279178819726,3.041216336392935,157366,10,0,0,train
-8.747846116650445,-5.745872270709593,21766,1,0,0,train
-42.60746783584652,-57.85103619829579,23197,3,0,0,train
-44.376451183113886,43.553108059895905,20783,11,3,4,train
-41.90504049648372,25.350591148879182,25413,4,4,4,train
12.663833199566746,41.00993283915504,156925,10,1,1,train
-45.34826048226175,-43.23851144858088,40966,7,0,0,train
16.495325663252125,-40.27512724425047,21734,1,0,0,train
-50.586788834444505,33.51529218705758,25952,4,4,4,train
-35.97274721628849,-24.595287298161754,40881,7,0,0,train
-44.84762774613543,-44.16964073467534,39348,6,0,0,train
-44.788672842936265,13.21761826555786,22959,3,0,0,train
-45.752857598430666,-41.22230230625419,39929,6,0,0,train
9.045736778181446,-2.447068307921875,21481,1,0,0,train
-19.078013727485214,41.84402870194414,25521,4,3,3,train
-23.263445268160655,-26.641374492992664,42094,8,0,0,train
-45.004723868456125,-25.309515575158297,23705,3,0,0,train
-9.589526476578978,-43.07687551277684,40997,7,0,0,train
11.631189770158766,8.898831127345604,46741,9,0,0,train
12.393741662143249,-13.234454350369596,41471,7,0,0,train
-0.7283718282488287,-9.21110079369411,21578,1,0,0,train
-10.169294171420207,-6.673947210606628,22943,3,0,0,train
-36.345950473135545,56.44368233554847,40960,7,4,4,train
-44.12215693739313,28.603564885027247,39705,6,4,4,train
-50.655648533043944,-0.8580771176903069,23439,3,0,0,train
-16.34728493016333,10.705193275617718,25377,4,0,0,train
42.36728831919005,7.1067671264940735,157327,10,0,0,train
-48.5321119945571,49.121418720610976,21031,11,4,4,train
-38.291611918728236,-21.74274802239348,41513,7,0,0,train
-43.33962551037321,-15.080473959839653,24683,4,0,0,train
-2.5620745138632053,43.37401076067718,25926,4,0,0,train
-59.244410783822744,25.99879641785776,24975,4,4,4,train
-37.692224306735824,5.345494567627481,23247,3,0,0,train
-14.100856217728625,-24.156361382403052,21818,1,0,0,train
3.908750574941868,3.7008594139927675,20556,11,0,0,train
-40.13139969434736,-42.09299380769063,42530,8,0,0,train
37.52375326545831,-12.531653066768737,39088,6,0,0,train
17.601273531634845,24.620197517488595,156949,10,1,1,train
-30.43145566817645,5.919538675367418,42656,8,0,0,train
-22.754392735349796,33.000311102278175,25974,4,0,0,train
-23.07776196679483,32.93182231752854,26046,4,0,0,train
3.3911475617972773,41.590124826144404,23217,3,1,1,train
-16.75795182473784,9.10010233899617,22967,3,0,0,train
15.763589573525351,8.601898965707324,157906,10,0,0,train
26.459481946434604,-8.455419579485635,23013,3,0,0,train
11.71495188516662,-31.438838563104785,20741,11,0,0,train
-19.286142015201982,37.817210401069886,25341,4,0,0,train
6.107693256696347,-33.12696044111527,20755,11,0,0,train
-27.706542789539643,13.34934278552081,23103,3,0,0,train
-45.3954885030152,-41.233102927307186,20528,11,0,0,train
-50.575724372842046,-32.501839890043705,40637,7,0,0,train
-46.22493302206931,48.344298551830605,42807,8,4,4,train
-31.906310706192063,-2.938949532224923,41576,7,0,0,train
-13.524468102968216,10.895006820995333,21381,1,0,0,train
-55.87305428289919,35.13135008981787,40687,7,4,4,train
-27.66952067814372,12.653376320144979,40549,7,0,0,train
-30.285144207395785,-16.686378494438205,19985,0,0,0,train
-25.107044533701895,6.98581751031913,41019,7,0,0,train
-39.547823570839746,-44.182846888197474,20291,0,0,0,train
-21.428314312788558,-13.909349488363656,157113,10,0,0,train
-39.16997878844976,-23.013770766410463,41678,7,0,0,train
-20.834926194757564,41.933813177523916,46711,9,3,3,train
-29.28381390960654,-31.945053777734422,20530,11,0,0,train
29.964073743284498,-30.28294027843307,157097,10,0,0,train
-34.430971636792734,-3.22192414092313,40485,7,0,0,train
35.17716621221612,15.649838686537073,21142,11,0,0,train
-2.6512284134807995,-26.17558474384359,21178,11,0,0,train
-55.95818745663094,7.453717032613282,41105,7,4,4,train
-59.19325183917624,11.591721277562739,20715,11,4,4,train
-18.442505354948743,63.00449215544168,39166,6,4,4,train
24.795607362763857,7.985297283304428,21848,1,0,0,train
59.45263312203616,3.5197384939798226,24804,4,0,2,train
57.954344371346124,16.415936485458626,42129,8,2,2,train
-22.608144857026623,42.22217014407431,25912,4,3,3,train
-56.97325700296551,20.471392330992643,41487,7,4,4,train
-55.072312335515036,39.462699309269595,20842,11,4,4,train
-25.510937518747227,-32.47341244532693,23745,3,0,0,train
-45.56056721647836,29.968380613081255,25816,4,4,4,train
-46.494465741493144,22.647031063854595,46820,9,4,4,train
-50.31615389107979,-32.20718481570104,40531,7,0,0,train
9.553272966948875,-16.370123766267348,21260,11,0,0,train
-20.52409150156619,32.193062935052936,25642,4,0,0,train
-50.69200338141532,-30.290647350907616,21100,11,0,0,train
-40.69053324483518,-16.409945368113444,42010,8,0,0,train
-28.390564008436016,-44.37206887432757,42510,8,0,0,train
-16.90060468393642,13.70216782243069,46971,9,0,0,train
3.3768323992782605,36.88643855885884,24836,4,0,0,train
-9.075430214992402,11.372207200865127,21421,1,0,0,train
3.9761854467731617,15.88472385308495,22949,3,0,0,train
8.719050969054486,-20.44836098797471,157562,10,0,0,train
7.503142246221206,-5.754902152211123,157700,10,0,0,train
-13.101508975324316,-17.372221626459485,21657,1,0,0,train
2.5266573148643445,41.15923229556259,24730,4,1,1,train
6.594586352512348,43.63745887324011,24758,4,1,1,train
-23.087994104931653,-26.299092885570737,41900,8,0,0,train
29.71395123577727,-19.70923022985784,157384,10,0,0,train
-30.814744026358778,-14.770858449679874,20021,0,0,0,train
-55.306236655194866,15.226833200352916,40691,7,0,4,train
5.334497658356902,23.32343436213472,21609,1,0,0,train
-42.034904730201745,41.00645992848885,25363,4,4,4,train
-47.14839551204358,-61.2913448549685,25503,4,0,0,train
25.302017279352608,23.670406835498206,157062,10,0,0,train
19.88788276135783,-18.05696374873202,22299,2,0,0,train
0.14871132972235834,7.211344426774844,157876,10,0,0,train
29.43010056573713,13.094313138047609,23051,3,0,0,train
-22.041905440303594,-21.95120936308692,40517,7,0,0,train
17.930026724590046,2.825843918249129,157190,10,0,0,train
-16.879913983740465,-19.308314846938263,48981,9,0,0,train
9.693356427142543,39.98336056340479,23311,3,1,1,train
27.08283655694211,4.949145907090397,21865,1,0,0,train
-12.193721712813685,24.047591594436287,25922,4,0,0,train
-10.328077245458896,24.105620190569798,19830,0,0,0,train
-13.193799806160905,-10.004203218838784,41787,8,0,0,train
-22.316098212206963,44.34331456762584,46611,9,3,3,train
-31.486481736186757,12.064151649574796,20231,0,0,0,train
-31.643210856486828,-4.333089929535875,41479,7,0,0,train
14.203232682556646,19.89887623947943,157354,10,0,0,train
14.816663795037911,27.16105175748799,158001,10,0,0,train
6.303479039267987,17.098076208988058,157536,10,0,0,train
24.473354826838143,7.560089096186584,24969,4,0,0,train
-3.0449996144711786,-44.463674590034316,156828,10,0,0,train
-45.047863572269605,-14.113484475819808,23185,3,0,0,train
58.197936300320265,16.24587574551464,42149,8,2,2,train
-5.791637298417663,-15.75031343619134,21907,1,0,0,train
51.98191021823703,27.98016012153632,41890,8,2,2,train
-25.697863144916838,17.663155818634575,42566,8,0,0,train
-5.738493539643268,19.517090840670438,40603,7,0,0,train
8.986872116150735,41.657939206428225,157441,10,1,1,train
-26.257298089165015,23.974702895992415,41874,8,0,0,train
6.496941564339153,19.141170667472053,40320,7,0,0,train
19.642036229961995,21.956394369454415,39102,6,0,0,train
-48.0867514210002,24.273563290211964,46745,9,1,0,train
-15.934299119432268,-1.0961602796234193,21605,1,0,0,train
-36.453908873027125,56.02911487158768,41990,8,4,4,train
-7.948840762219934,43.80650227914239,47277,9,0,0,train
-44.15118047847375,21.20157476226085,39729,6,0,0,train
-59.303723240115346,26.752658099031624,24673,4,4,4,train
-10.528485123509402,-42.60804069899331,22072,1,0,0,train
-37.97377011019702,-10.560774011290427,25037,4,0,0,train
7.6447078768326655,39.31273665595073,47307,9,0,1,train
32.95177617011615,17.736385470967807,21266,11,0,0,train
40.281200879680355,-3.3074583697007958,157313,10,0,0,train
-43.330724480171895,-60.75756550265895,24871,4,0,0,train
-18.85080162096486,43.69738470085372,46561,9,3,3,train
-31.172183045986568,-40.43323223267409,25088,4,0,0,train
-23.539705824285697,-26.0375324905809,40829,7,0,0,train
2.799094378320559,-45.22622103482769,21879,1,0,0,train
45.77832028224594,7.963229684440936,21784,1,0,0,train
-19.791535790483124,-32.137383575503705,22450,2,0,0,train
-44.08766438571057,26.1149024116086,25638,4,4,4,train
-36.48202457757995,-23.229346173752745,25992,4,0,0,train
29.93876734549379,6.612083891666059,21202,11,0,0,train
-27.55299436300103,23.949111349712318,41789,8,0,0,train
20.284579175180934,-25.011017783600145,21705,1,0,0,train
-34.68162494668472,54.25888790809017,39416,6,4,4,train
-27.947709041470993,59.2690419824916,41414,7,4,4,train
-42.62843335174141,-18.617453257307158,40633,7,0,0,train
-14.306774323459098,-35.595526520308255,42319,8,0,0,train
-19.044846421832155,-26.6137518016686,23641,3,0,0,train
14.108183071886558,4.244827163575209,158149,10,0,0,train
-37.09896132564564,53.34913932931218,46513,9,4,4,train
36.88014647976601,-4.845057959957748,21252,11,0,0,train
23.051684791027515,-12.160214394445253,158137,10,0,0,train
3.3112078195031245,-41.31638677786064,20937,11,0,0,train
8.946862991211802,-31.795535695455722,21736,1,0,0,train
17.05196390292666,11.701970270303336,23243,3,0,0,train
6.335364710916952,-42.25652703102827,21067,11,0,0,train
4.359547451867641,44.93321125006801,23011,3,1,1,train
1.266429138936104,12.537434604222833,20546,11,0,0,train
42.67486412217755,2.8662732188608198,20864,11,0,0,train
-1.2857976623692497,40.49793856263091,157676,10,0,0,train
12.45527346756349,33.16068217866007,157637,10,0,0,train
12.593042123932698,-38.614747926408214,47111,9,0,0,train
-9.924646911743535,27.985199933324477,157882,10,0,0,train
10.538381999944527,18.982231344493496,157635,10,0,0,train
-20.998773937397118,-2.037129718549478,23677,3,0,0,train
11.779861802952535,30.596029310326834,157831,10,0,0,train
3.517175708800746,22.92100614734903,39346,6,0,0,train
-1.6215585434049729,42.367366004736596,158121,10,0,0,train
-21.09413900754369,5.285981170872538,24965,4,0,0,train
-7.059772371419266,12.930922456570107,24861,4,0,0,train
-55.852034308117965,7.821788194220208,40916,7,0,0,train
-6.369209605006839,20.65124905462043,23615,3,0,0,train
20.365819673454645,-35.314038544200756,47133,9,0,0,train
-51.440646120632266,15.522021860457258,40855,7,0,0,train
17.317471500405496,21.621541913573388,157611,10,0,0,train
-42.182642297746554,-44.888680379939444,24489,4,0,0,train
-29.896786452572538,-46.55587146954471,42923,8,0,0,train
-10.512786051397873,-24.768852511087147,22263,2,0,0,train
-25.078491429215845,30.12961076793901,25353,4,0,0,train
-39.69136688768242,54.32344402872481,20131,0,4,4,train
-41.221025285465416,5.2744617374398475,42658,8,0,0,train
-24.719190334266795,-30.004584299035063,24641,4,0,0,train
37.32813812271027,-4.498493597415474,20544,11,0,0,train
-43.53556137529196,44.918005371739696,19814,0,4,4,train
5.400603287928925,40.16178950586922,157951,10,0,0,train
33.23621290023655,1.5062624227222972,157334,10,0,0,train
-34.463264540145204,-7.671001026415784,41321,7,0,0,train
-17.230376987054406,7.860330988102131,25463,4,0,0,train
-3.613449210272318,-43.63365757491809,156765,10,0,0,train
-28.986691552662844,-21.513888722223626,22330,2,0,0,train
-41.22653482543657,24.57560105478045,25279,4,4,4,train
27.553733643526055,-33.82274875062683,157036,10,0,0,train
-38.802998906263014,-45.621567063797215,39182,6,0,0,train
19.11026741645838,28.138687092391145,156840,10,0,0,train
-43.80728419349656,25.380522737985622,25489,4,4,4,train
29.228518990084535,-21.969109289494064,157218,10,0,0,train
-27.328763745935508,23.64679222085724,41856,8,0,0,train
-32.02585846425307,57.930106733499784,19995,0,4,4,train
-26.879485765099396,0.3914427208009639,22706,2,0,0,train
-17.88561633418785,-4.237713708990068,21798,1,0,0,train
-42.027045942471716,4.401907519901742,47293,9,0,0,train
-48.75968587374021,3.2336718637366557,21958,1,0,0,train
-27.77725563668369,13.9947182080254,23675,3,0,0,train
-55.89376037978684,39.98434801147225,41998,8,4,4,train
12.015477286931677,-20.83479869877591,21453,1,0,0,train
-20.43817669269965,-22.666322146058363,41141,7,0,0,train
42.234327647665154,2.0659180308538496,24875,4,0,0,train
11.277889937006613,-11.939977688389735,39639,6,0,0,train
9.34882408036598,-30.89813400962126,158040,10,0,0,train
-20.543142534441017,7.40382698794218,21637,1,0,0,train
0.18346737643901356,1.393504141150121,40747,7,0,0,train
-26.612688735014416,31.375431835557773,19834,0,0,0,train
-42.84707823304339,24.526092456527497,25213,4,4,4,train
-40.674677119361164,-63.03920834639558,24714,4,0,0,train
-16.313556541718093,-35.6709631829243,22265,2,0,0,train
6.5065540610185195,-3.2045971092024526,157813,10,0,0,train
-41.71190230822964,-50.94086466946038,25144,4,0,0,train
-7.45094233146039,5.990270742807227,41878,8,0,0,train
-45.97538987869693,38.88342316370873,39328,6,4,4,train
-4.593192484665079,-26.73242651221927,19947,0,0,0,train
-17.13124853257696,31.268755929453217,46806,9,0,0,train
35.3224464616423,-14.286847467150993,24867,4,0,0,train
-17.604990750684088,-5.708962660226885,41041,7,0,0,train
-15.510371123876677,43.403191507718034,47180,9,1,0,train
-39.25916133310403,-7.527326828470226,26116,4,0,0,train
-21.78553933257614,0.4500301754308529,25313,4,0,0,train
-40.85048060224942,24.75935733629054,25355,4,0,0,train
-40.5234263915646,-15.366149456271993,23213,3,0,0,train
3.903945390770925,-38.260571283116036,40615,7,0,0,train
-43.84104593479739,-13.9393802409289,40619,7,0,0,train
-47.08875897340012,40.732547618860096,42258,8,4,4,train
-13.936037912439316,9.152155166918124,23081,3,0,0,train
-23.43807317984265,-26.680383719323512,40601,7,0,0,train
-49.97927560751272,13.051704069251025,21956,1,4,4,train
-30.9672348925838,-12.096813879094393,20093,0,0,0,train
-14.807988627093344,-30.827886389801613,20769,11,0,0,train
21.404445681448394,12.296359114178852,22812,2,0,0,train
20.05485380303533,-16.935633150565888,157293,10,0,0,train
-49.02290992796016,50.389018926181905,49007,9,4,4,train
-53.241631028697654,23.90398319425132,41817,8,4,4,train
-46.60114741889794,46.94992028211348,21760,1,4,4,train
-49.18426082559181,2.293104965335508,22522,2,0,0,train
14.24791036756736,-11.52797087418462,22446,2,0,0,train
-10.136365738130246,23.886968728342985,41582,7,0,0,train
10.17080797111618,38.136873173743695,21118,11,0,0,train
1.6844070547946206,-3.2371363112647646,22023,1,0,0,train
-18.709877205252067,25.334432330884393,41013,7,0,0,train
-8.57693585724227,-40.404401699851675,20568,11,0,0,train
9.307792557220282,-22.36644258350956,23045,3,0,0,train
-12.052219812633597,-4.021513075351583,25309,4,0,0,train
57.73464405636686,18.104713298364995,42775,8,2,2,train
16.200703517722047,26.75156853734966,157904,10,0,0,train
-54.25672075620264,5.131105026797458,24503,4,4,4,train
37.79475215290044,13.923484413317246,157332,10,0,0,train
-20.46777468912233,32.43983150934295,25717,4,0,0,train
1.3708348452282966,-38.82533321940191,22186,2,0,0,train
-40.22943654729302,-44.93970380706345,26188,4,0,0,train
-25.261336538184345,19.864971478756065,47220,9,0,0,train
6.4691562156693045,50.884400367739985,157423,10,1,1,train
-34.197584785665626,-19.519765969403128,39186,6,0,0,train
50.13854761306783,26.086845050216187,42282,8,2,2,train
-43.48973044050747,5.434947816366659,46481,9,0,0,train
-14.805466590578135,-31.191823089569347,21258,11,0,0,train
6.41990908457452,-38.74294420274941,46985,9,0,0,train
-25.754313151505144,-21.99312182766062,20627,11,0,0,train
19.132227527752896,-16.630812518277505,157257,10,0,0,train
-30.3749421727428,-15.698472687594908,39635,6,0,0,train
51.028792623155354,26.19196044350925,41858,8,2,2,train
12.05435776012489,34.60856023492538,20927,11,0,0,train
-1.0088123501768749,-40.42978240305848,39314,6,0,0,train
-43.1219061012697,-23.5353520248832,23655,3,0,0,train
11.234713836713464,0.9880731602363155,157732,10,0,0,train
-21.871159256081512,1.0530105108120669,39957,6,0,0,train
-45.3754813515674,-38.740158000009714,41384,7,0,0,train
-19.377146607769607,63.78297248411299,39859,6,4,4,train
34.948159151547685,2.6480276156349594,25067,4,0,0,train
3.82642594978533,-10.677317231085553,40891,7,0,0,train
3.5234048211647355,52.00169630492401,23279,3,0,0,train
7.279635686443942,42.73038806768754,157609,10,1,1,train
-15.492748787012722,-7.121343816986348,40831,7,0,0,train
-28.105860719785532,-30.218123667641315,20719,11,0,0,train
-4.631336892698631,-34.17102346046262,22220,2,0,0,train
-31.501486890253474,9.511276099602448,41035,7,0,0,train
62.30865018117257,-12.262877570028229,20652,11,2,2,train
11.655189993525937,-9.110240684194872,22712,2,0,0,train
-31.28893102926344,58.686202615948176,21025,11,4,4,train
11.954732432202267,-44.15586357373532,157289,10,0,0,train
14.520585497297564,-45.69693136208424,156880,10,0,0,train
-20.10251398781697,36.20860527766543,46840,9,0,0,train
8.232606740139186,32.20135681795476,157147,10,0,0,train
-24.306241966605604,60.777404356782284,39559,6,4,4,train
58.187245458919406,-3.9120553881265434,21055,11,2,4,train
-30.811118057790438,-45.5883362261207,24939,4,0,0,train
-56.757239199116256,2.388229561013972,40473,7,0,0,train
-28.62577708409785,-3.6535464087994374,41343,7,0,0,train
60.53604312399685,0.10736519495456454,23565,3,2,2,train
-32.67230911290483,58.38768342103897,19905,0,4,4,train
-0.6718475932496037,30.670248608464078,157495,10,0,0,train
33.6235038325771,1.2719505228137387,22569,2,0,0,train
8.140048581667042,29.030778841360334,157803,10,0,0,train
7.165169255722425,5.597652890860391,41835,8,0,0,train
-7.988345308746847,-17.627246911202278,22710,2,0,0,train
25.728961160599464,11.798754059350467,39535,6,0,0,train
9.194134242399706,37.405816105373034,22909,3,0,0,train
-30.34668136810765,58.67692513683434,24655,4,4,4,train
27.842884554557674,9.452107917716377,39703,6,0,0,train
-17.076286816390116,-18.834088230463422,22659,2,0,0,train
-31.15067162613457,56.492448673735495,41827,8,4,4,train
18.33357624282775,-40.114503249725786,156834,10,0,0,train
26.25030304829483,-15.63833007835675,158090,10,0,0,train
-41.162073427752595,43.37235396861807,47232,9,3,3,train
24.235010786209212,-1.901691400840697,22814,2,0,0,train
1.0607247474240573,43.03852874037551,46591,9,1,1,train
-40.77358645963185,-36.41567122503611,41001,7,0,0,train
-49.685250755353835,-14.803129486388423,47273,9,0,0,train
-41.06311846785809,-22.32844258565722,40387,7,0,0,train
-50.720107688572966,16.820968850529905,41121,7,4,4,train
26.10272840968584,4.5050474997820595,40527,7,0,0,train
5.427569925062437,21.66772846639266,46794,9,0,0,train
60.35366879623341,-0.5214737199581925,23375,3,2,2,train
13.172052781875216,24.70186115503372,156860,10,0,0,train
-33.181734463340625,-54.38010671167031,157020,10,0,0,train
4.9134059644988834,23.48240417159522,46422,9,0,0,train
42.20255322681426,7.830254323653499,157412,10,0,0,train
-46.98945654353484,49.21640214038767,39839,6,4,4,train
-29.79591269290004,-27.62347025173609,23433,3,0,0,train
1.715807075361921,-41.324533563858935,20696,11,0,0,train
16.843107849884735,6.784879628580013,156807,10,0,0,train
-54.74912773084006,19.447688267319396,39330,6,4,4,train
-43.29453416737178,-43.4240779600776,24499,4,0,0,train
-1.0963856385846356,40.59863854200226,157795,10,0,0,train
6.924141177895226,-5.668978202590244,21379,1,0,0,train
16.80007968604189,12.084244381172693,22617,2,0,0,train
18.062238075772086,34.9636225425469,157973,10,1,1,train
-18.326084055708506,35.43650429226881,25405,4,0,0,train
-50.65445136234129,-50.149062469564356,26247,4,0,0,train
-34.655554311995836,53.037323485893154,46607,9,4,4,train
-60.2798429259595,0.7857655964348345,20727,11,4,4,train
-7.278765359449004,0.5518160758067643,42078,8,0,0,train
-54.343440703964575,24.475393943497377,40765,7,4,4,train
4.696018079945242,-32.010502790837904,158155,10,0,0,train
-14.983106535511684,8.036087946044022,25233,4,0,0,train
-23.372775520648602,-8.36529234712857,39709,6,0,0,train
5.685944205449884,-13.603994016277182,22090,1,0,0,train
-5.809429989251536,-22.70300918861977,20143,0,0,0,train
-20.74541641557262,40.61455500822663,46729,9,3,3,train
-43.53349608731534,4.6649723775407725,46921,9,0,0,train
-13.396234947942599,-4.881041003784644,41473,7,0,0,train
50.431094869323246,25.20590828915356,42642,8,2,2,train
-30.718887728641715,20.905086408538466,46965,9,0,0,train
-53.6107238168637,43.19040202310549,41153,7,4,4,train
-20.830240502850867,45.01337116952956,20193,0,3,3,train
13.25421280640921,6.18171656048657,158078,10,0,0,train
12.566926262948677,3.8712516570544206,157684,10,0,0,train
1.283506171311057,2.198880693487677,20245,0,0,0,train
-0.06288521748567888,43.73355526258143,41785,8,0,0,train
-10.633017472930142,-25.09006150112146,22575,2,0,0,train
-10.52560251751367,-1.5313118109357857,22460,2,0,0,train
6.972651220575145,49.28341152448071,158115,10,0,0,train
-34.290080863462755,11.91646186382216,25723,4,0,0,train
15.923721670565556,-7.075732933734058,23129,3,0,0,train
-2.0984704506405567,-31.94562244743498,20933,11,0,0,train
-21.507542846992383,10.153240200281026,25763,4,0,0,train
-22.872827561620714,-7.590744719426259,23581,3,0,0,train
-40.69965164776579,10.537565713410045,46452,9,0,0,train
32.01425944417959,-28.533021651014256,157157,10,0,0,train
-3.64501108032269,-47.78502210046577,42710,8,0,0,train
-45.318014411812,4.031856266080017,42446,8,0,0,train
-29.22480658308549,-5.287219465657092,23569,3,0,0,train
26.65578044222308,-23.883151273492334,156963,10,0,0,train
-5.7575873073903505,-10.467570723646757,23127,3,0,0,train
18.144652590995122,21.297888804112134,157050,10,0,0,train
-38.539920236363784,55.288481869552484,41236,7,4,4,train
-13.967461647138848,30.155453689647686,25824,4,0,0,train
-30.980967727543046,-10.79679984907957,25102,4,0,0,train
0.36348162776712734,2.023604209910425,40711,7,0,0,train
-25.64345149086041,-10.331389051545976,24794,4,0,0,train
33.46875026065456,-19.28182607937331,42891,8,0,0,train
-13.501095040502165,-42.08338930591243,41540,7,0,0,train
20.998231214841404,-4.966593803827198,22470,2,0,0,train
-15.960472288542135,-26.844966609339785,26078,4,0,0,train
-34.48998629751535,-47.61258055280521,25134,4,0,0,train
-39.898259600709764,-63.340963592996516,26273,4,0,0,train
25.25909692599041,-12.751411300144749,23555,3,0,0,train
-33.949229433513096,-8.394441050665382,19842,0,0,0,train
4.000709886121454,-33.67406300897839,156826,10,0,0,train
-20.74889541650176,-43.16625216598048,42536,8,0,0,train
10.639551168282367,2.307168097139137,157639,10,0,0,train
29.026747256228216,-31.77122790631282,157016,10,0,0,train
-45.14341179305727,-50.10383688335686,42484,8,0,0,train
14.851072805431006,31.20972964488414,157224,10,0,0,train
-3.692161370917285,-18.71334930885773,42630,8,0,0,train
-16.64724688244108,-42.735657728507974,42323,8,0,0,train
18.158278919949606,-4.8170963651486005,41534,7,0,0,train
56.027251022959945,20.935133682921265,42851,8,2,2,train
5.22724433149882,51.06312931812079,157455,10,1,1,train
-18.454045033130534,-30.049966406003897,21361,1,0,0,train
13.963489988046629,-10.304093423813468,41051,7,0,0,train
-35.35646666680864,10.888232820554087,25555,4,0,0,train
-47.10400448073328,-17.500866885211295,41688,7,0,0,train
8.708458036843947,5.835106960655599,157273,10,0,0,train
56.793730341022254,22.143337629128375,42700,8,2,2,train
-48.9935347024437,-6.991331352474839,42528,8,0,0,train
61.679599899300115,-11.263701137066613,25411,4,2,2,train
-48.50023827315326,41.69154465378463,47166,9,4,4,train
-26.818115607467536,5.244060195958215,22897,3,0,0,train
-49.818777996609384,13.422091039153885,41884,8,0,0,train
17.37073345494042,-28.088495979355006,24945,4,0,0,train
-2.076106431019351,-30.37008268312836,20277,0,0,0,train
16.798490876409655,-16.71469667888587,156745,10,0,0,train
1.0898715430768053,12.00331820765948,41730,7,0,0,train
-0.3385422274051013,30.091151068489307,156985,10,0,0,train
-57.90211812092866,22.566399394167235,21047,11,4,4,train
27.459648773427592,8.974240550414303,157858,10,0,0,train
-16.387324299108776,-9.432410339628229,40663,7,0,0,train
-52.68244877466367,41.54386821735059,46533,9,4,4,train
-23.93368420433326,3.635385413987402,39523,6,0,0,train
-17.944455452680092,34.6546406521785,25175,4,0,0,train
-44.61173813283395,-16.802964745151524,21086,11,0,0,train
-57.773034582740976,19.909721726955087,47226,9,0,4,train
-29.89504043656465,8.19517115309184,25828,4,0,0,train
61.177765857972815,-5.003205403079768,25826,4,2,2,train
13.772038806123149,37.16088248090392,157119,10,1,0,train
18.436232689957887,20.268705908091743,157564,10,0,0,train
47.7357561313173,4.638839394545046,21327,11,0,0,train
-44.2922548778904,-60.450409848022844,21887,1,0,0,train
-44.211821256107626,26.561146366477814,20009,0,4,4,train
-57.235382431348214,-1.6647495566777513,23449,3,0,0,train
-34.84627508160992,52.74861411723731,49009,9,3,4,train
18.80891417772316,-20.355928921171298,157261,10,0,0,train
28.446959145260198,-29.706748129388913,157089,10,0,0,train
1.0398605202674105,6.484867668407222,46786,9,0,0,train
51.126066035974276,27.276124283097413,41870,8,2,2,train
-52.618812983230356,29.283269390713848,22228,2,0,0,train
-26.655202259584488,0.20983428487702738,22542,2,0,0,train
-4.5255204367509965,-48.829750739804524,39312,6,0,0,train
-22.784460420252408,40.285242922373925,25810,4,3,3,train
-25.738861167139802,11.213691313855064,46913,9,0,0,train
-33.88037572923607,58.023873666331866,20239,0,4,4,train
-59.107163602890424,11.915026411871299,20797,11,4,4,train
-20.17846914138733,45.54298476914279,47244,9,3,3,train
49.81559110684013,23.112712612592002,22438,2,2,2,train
-25.19642797132591,35.082853739510824,25794,4,0,0,train
-54.2917995575671,19.939568928106894,39629,6,4,4,train
-47.144580579631224,-61.284377871940606,25273,4,0,0,train
26.27190645060885,4.654506554820875,157752,10,0,0,train
-8.329994132882057,27.79710511531334,25459,4,0,0,train
-19.589169051737677,62.895022846995815,39795,6,4,4,train
-12.296719820608503,-29.549577569104752,21240,11,0,0,train
-6.091188846496284,16.41867360741104,23613,3,0,0,train
-18.982060507370896,4.575456463654085,24967,4,0,0,train
9.487818442530642,29.05120598610745,23101,3,0,0,train
3.0994650962067336,49.86557990251333,22748,2,0,0,train
-45.738204387546034,23.233361115767064,24800,4,4,4,train
-22.444483440665216,29.712161581596106,26030,4,0,0,train
-14.36633081143517,-30.263722664056594,21954,1,0,0,train
-58.34184915981609,-0.5688457627730787,40499,7,4,0,train
-2.942735740228467,-22.42239648731076,39637,6,0,0,train
-43.75641061270939,3.8502591341442995,21964,1,0,0,train
-48.06500726603251,-25.773006300726955,21214,11,0,0,train
-1.1788259353135881,-40.24599948629377,22013,1,0,0,train
14.315953113861955,6.587139727606847,157504,10,0,0,train
8.357990475983339,-34.73086251956788,40593,7,0,0,train
-34.765171739216484,13.011158567664394,25481,4,0,0,train
9.275607986552696,23.049597565614008,157890,10,0,0,train
-29.6894769016244,21.944338351743653,41793,8,0,0,train
-55.3726469284959,7.81044089104544,22899,3,4,4,train
-46.58707728018558,-61.070841488109664,21180,11,0,0,train
-50.545952640556365,14.937061609152586,40441,7,0,0,train
-37.472696142636536,55.95446751102655,39697,6,4,4,train
-52.82688706582404,40.41952066596619,40693,7,4,4,train
-22.34823380292794,39.01786207613192,25820,4,3,3,train
-5.165123031632491,-30.147441678015635,22565,2,0,0,train
-45.30294272067928,-6.5336233180273995,46701,9,0,0,train
18.91108213160397,1.0336517226377948,23001,3,0,0,train
24.658681013712307,8.885108210633895,22778,2,0,0,train
-21.555930397801063,-2.3725321369071652,40639,7,0,0,train
-44.38551516134241,5.2845674779395795,42068,8,0,0,train
-11.781677931719281,21.95755402890456,25303,4,0,0,train
1.8242159960017865,-37.92411202620464,20966,11,0,0,train
30.026416872797714,-29.061643587453815,156975,10,0,0,train
-57.534587686107216,36.08092100065973,19897,0,4,4,train
-27.710823380633435,3.5070575474141252,48985,9,0,0,train
-20.773366761009328,-6.181162970643354,20001,0,0,0,train
-47.31540879975623,-45.59111855905735,20799,11,0,0,train
29.73490588867443,-7.843876369230149,157279,10,0,0,train
-44.77671819281983,21.454659950170978,40928,7,0,0,train
4.996390478996183,-19.58658359668987,20095,0,0,0,train
-50.39407446578092,33.70590962907502,20215,0,4,4,train
-23.927124514860374,61.44299641072452,39284,6,4,4,train
-24.053326445388944,61.49834219450847,39282,6,4,4,train
-57.74702915305899,19.819559669711317,46822,9,4,4,train
-47.48642866019112,-18.69507414496337,21172,11,0,0,train
16.965380360293196,12.8456516624172,157708,10,0,0,train
61.787331473318716,-9.290126526170818,25968,4,2,2,train
29.60108658485223,6.76490189162571,21264,11,0,0,train
-3.4288246766889987,-23.657422222248073,21061,11,0,0,train
12.964368017123768,18.7763272732474,157532,10,0,0,train
0.8100910148666163,1.2913186408495476,23701,3,0,0,train
-22.783744969025236,61.59274140450306,39869,6,4,4,train
-16.621897960795778,-44.38332622330327,21728,1,0,0,train
17.42063954487962,-23.40539078376385,22861,3,0,0,train
32.00773194828922,-7.209126671004083,39361,6,0,0,train
-16.757148435554175,-15.997914318148345,24983,4,0,0,train
-37.78168915088334,53.09726395633878,41894,8,4,4,train
-7.303913703543092,18.17441715128593,23189,3,0,0,train
-46.12382856114374,36.597090900768904,47158,9,4,4,train
42.114377923864,5.993102790245792,21347,1,0,0,train
-28.983005472379606,10.307636714767218,40467,7,0,0,train
-49.028142685253385,14.014601533097766,42188,8,4,4,train
30.194601242501673,0.8630723407774676,20831,11,0,0,train
-32.98536714477915,-18.517170850909128,39721,6,0,0,train
51.10417607588978,27.432549271277303,41823,8,2,2,train
61.73298417266918,-11.989014445002555,25876,4,2,2,train
-54.3331491451201,-24.83646750062129,19957,0,0,0,train
-49.30046699248298,-5.7300559790394265,24919,4,0,0,train
50.15163108414467,25.74034918160853,41803,8,2,2,train
-46.06634351710312,-6.266908381365985,39666,6,0,0,train
10.303404567738838,25.312322547243852,158060,10,0,0,train
-34.682173180530754,-21.609180667552494,39379,6,0,0,train
-49.56099920356132,-11.619286121529445,21210,11,0,0,train
-1.632218197966047,-34.514600658972526,24947,4,0,0,train
-0.8935298477330313,6.088170289351254,157698,10,0,0,train
-11.522625591479214,-15.860675119208643,22452,2,0,0,train
22.375618692482714,-19.456281480406528,22255,2,0,0,train
27.994320361698765,-7.070742770726739,41222,7,0,0,train
-45.66146425374603,38.22148233052687,25666,4,4,4,train
9.966522149742733,-18.05629547280174,21194,11,0,0,train
-20.81764424313816,62.81213063360306,39565,6,4,4,train
38.03529411674505,-12.582481730204469,21033,11,0,0,train
-5.187936903054273,-20.933356590652952,20876,11,0,0,train
-35.66793311484889,0.7799691389335908,19945,0,0,0,train
-1.2982621147350315,14.648029918674853,23053,3,0,0,train
-49.369171961592585,-43.63861443809738,26180,4,0,0,train
-44.094749602733145,-49.28311218910639,39158,6,0,0,train
-24.427653024595752,-14.051271232138081,23137,3,2,0,train
-10.118814262390488,-3.0503263004374412,22804,2,0,0,train
-45.243573245039784,18.32265335391321,41815,8,0,0,train
-44.9727344615865,13.437029294172566,24828,4,4,0,train
30.57871612891073,-10.741058485297122,21106,11,0,0,train
13.525767162697047,-32.6366012410725,41542,7,0,0,train
-37.38876817806254,5.3431000706636285,24631,4,0,0,train
5.867221708143701,-11.998527304626094,21293,11,0,0,train
-53.820971169167606,-27.259248890079615,20540,11,0,0,train
-34.47243482703777,-0.08341087436782402,41345,7,0,0,train
-8.944638486181534,16.44726611191291,41029,7,0,0,train
-50.450807351397614,-5.058863590879178,42730,8,0,0,train
-1.6805787046061962,-34.46280934679065,20161,0,0,0,train
32.56902080073705,-16.410258404279713,20972,11,0,0,train
15.137582223152336,30.988995863032137,157406,10,0,0,train
-27.333647023329128,20.396703164938664,39124,6,0,0,train
25.496602140052484,22.346470161976058,156973,10,0,0,train
3.1762836927463773,49.941307646902104,22556,2,0,0,train
-43.80195035858982,42.56093002096516,25359,4,4,4,train
28.67694636075799,-19.10401147797059,157348,10,0,0,train
-10.284864705614297,-3.4326399404591124,22310,2,0,0,train
-49.90555786340914,42.04659088641645,40946,7,4,4,train
-40.88148525808264,-17.772981238779032,41501,7,0,0,train
-28.90577176310528,8.68318338759525,41313,7,0,0,train
-53.14381180207265,21.981573626736115,46967,9,4,4,train
-25.499029782792046,-4.387706327675614,24602,4,0,0,train
-20.66570147285499,43.448062534167576,26058,4,3,3,train
10.770480795134784,6.15510285993785,157807,10,0,0,train
57.82107215753827,21.231339312975155,42016,8,2,2,train
-39.71850203772472,-18.219318907795095,39807,6,0,0,train
12.045320541052334,-4.080855760289804,20247,0,0,0,train
17.703131460622757,-22.779423599803515,21343,1,0,0,train
4.881420027423555,-32.21480330967691,157281,10,0,0,train
14.84240791591732,29.277109178461153,157607,10,0,0,train
21.27739764579211,-35.083320432874814,20658,11,0,0,train
28.835860305097388,-21.877540085523187,157388,10,0,0,train
9.088514316652905,42.89196797559259,157479,10,0,0,train
35.207726262424245,6.897185867484712,25051,4,0,0,train
-4.676341174060391,-32.82562968518812,40367,7,0,0,train
61.76729708459662,-10.45746082048046,25579,4,2,2,train
-44.812710728865255,-54.59433710572989,39237,6,0,0,train
-49.26966541560574,2.172131599547751,22514,2,0,0,train
-26.6020220531137,-42.43250716480205,24423,4,0,0,train
3.3662710379706127,-16.207815434819608,39515,6,0,0,train
35.840958505216065,-11.016077430382966,21940,1,0,0,train
-32.50495112935394,9.649028879108519,41499,7,0,0,train
1.024749450011564,38.28230296875333,23769,3,0,0,train
31.410317256613478,-30.630703646835855,157145,10,0,0,train
-25.118004976916865,19.790477911004462,23269,3,0,0,train
-51.15461985598725,34.78457833115115,41819,8,4,4,train
-43.70534026363775,-54.32396353533183,25096,4,0,0,train
-30.456176672837554,-23.325482498210295,39485,6,0,0,train
58.09975516620918,0.49201832710287796,25029,4,2,2,train
-45.33647718155919,-16.51318840031135,21570,1,0,0,train
-45.03430296598913,-6.563019128013005,39670,6,0,0,train
-39.33974657807154,-7.197730827369224,25796,4,0,0,train
39.39680609338765,12.1597105643023,21222,11,0,0,train
35.528490240284455,0.4221510199153373,156838,10,0,0,train
-50.05752420249138,32.82311035742029,42660,8,4,4,train
-14.411453201827445,-18.947631936942425,40332,7,0,0,train
-16.623005848942178,-43.45156997272072,21928,1,0,0,train
-58.55739330621374,30.593409211656667,21365,1,4,4,train
13.09222380531103,-28.414659940310028,22015,1,0,0,train
-17.281943630261107,7.791030624484977,25830,4,0,0,train
7.25760610015589,-5.168250241872535,22788,2,0,0,train
-2.9876197165388207,20.358297483056035,25924,4,0,0,train
-20.841536514878232,-6.278828460437478,21607,1,0,0,train
9.358006286609314,-18.13941464329286,21256,11,0,0,train
16.673950372786116,2.826772508189575,23111,3,0,0,train
12.363924650858916,-3.6255113539877386,157202,10,0,0,train
-2.02173734964736,4.441673127726446,157512,10,0,0,train
-56.91740015295325,14.911474839368458,24941,4,4,4,train
-47.648027715011,49.94144031083363,46933,9,4,4,train
-58.7354307960605,40.42572007246538,39699,6,4,4,train
1.883827466307519,-20.410563723973073,19862,0,0,0,train
-46.15926417607332,32.76385640887058,25662,4,4,4,train
5.208844539941955,46.03328258153765,157151,10,1,1,train
2.1381138826923483,-45.91312703046975,19975,0,0,0,train
-37.36520275131254,54.67819180474376,20005,0,4,4,train
-51.440145270409886,-26.058821389308488,21226,11,0,0,train
-2.5474612496122804,-21.053060339717852,21715,1,0,0,train
20.78077589805245,11.917911880859986,40727,7,0,0,train
7.065626850135544,21.490781989247953,23181,3,0,0,train
-19.45611670692911,-23.995225360510464,22947,3,0,0,train
28.6700859412724,-7.17101950268858,23411,3,0,0,train
13.687319554439327,-22.894740445364214,39656,6,0,0,train
-15.950250950347815,-35.48615476108314,22633,2,0,0,train
1.5091869593048859,0.7421564665311338,24586,4,0,0,train
10.00837584872708,47.81780238557093,158119,10,0,0,train
-7.686758992638144,43.877637391074586,46757,9,1,1,train
58.181409597256675,15.768088712892524,42117,8,2,2,train
-13.28009336279251,-19.871204175522095,22494,2,0,0,train
15.312494981517425,-44.31091528457233,157137,10,0,0,train
-3.35872151375725,43.84853735961546,25686,4,0,0,train
-50.031696522538454,33.180756166101986,26024,4,4,4,train
-29.671997752753796,-45.45242041619656,42532,8,0,0,train
-59.13630727108179,10.71983846480118,42859,8,4,4,train
-9.053503219305558,-5.580723080765885,21114,11,0,0,train
0.6303622463678149,14.733482315373552,22045,1,0,0,train
-20.09591467890695,-23.260380421545232,22877,3,0,0,train
-33.15024265497668,12.808865718848649,25946,4,0,0,train
-27.426997882846027,11.514822908029096,46911,9,0,0,train
28.018312270084525,12.623989281636883,40930,7,0,0,train
-31.295745768117953,-30.309117747142373,22222,2,0,0,train
-29.39263134286399,-51.36803859866478,42546,8,0,0,train
-0.8264504220211357,-8.906719686792556,21218,11,0,0,train
-6.029801156666744,19.12373592741203,46812,9,0,0,train
60.36688352130791,0.36100570837177126,25063,4,2,2,train
60.49035865347594,0.6002364512015999,24679,4,2,2,train
-8.442759993886106,10.810580007173465,23361,3,0,0,train
-32.49461845430669,-13.164971460698547,20075,0,0,0,train
-56.55994305465396,4.886403929119013,24973,4,4,4,train
-35.568879104799464,-50.1378697066455,42147,8,0,0,train
13.289644552576625,5.4997976860219735,23357,3,0,0,train
-57.77549370691851,36.61008967856405,41339,7,4,4,train
-47.587616545175976,-28.527619658671924,42783,8,0,0,train
5.070127835178408,-32.5866545954809,157985,10,0,0,train
53.41174491365031,19.74908443280223,42092,8,2,2,train
11.870684363904875,29.319672697597742,156775,10,0,0,train
-3.429335653094525,40.32422566738009,158133,10,0,0,train
-47.94119166039886,29.123561054502165,42270,8,4,4,train
30.076160976842697,-19.701425716242827,157214,10,0,0,train
-35.89219669436404,-1.4215339787481516,26062,4,0,0,train
-31.321914359477105,-48.503208130517635,24531,4,0,0,train
-48.58336517001314,3.463086066559728,22029,1,0,0,train
36.13029210018992,-6.278984148333682,22232,2,0,0,train
11.562142040721398,18.29522797744957,157578,10,0,0,train
-12.365948800615863,24.855993230362692,25533,4,0,0,train
-31.997858695556044,-29.699816385741244,41177,7,0,0,train
31.436217353809493,5.1975330707188006,22587,2,0,0,train
34.567857675817734,17.538305341532464,40677,7,0,0,train
5.749421750112774,-13.747040236050989,22687,2,0,0,train
-39.34627272269325,-7.624544396232022,25780,4,0,0,train
-5.155285434602631,44.744454822792136,47047,9,0,0,train
61.33906838715973,-1.6820820832959877,25297,4,2,2,train
14.601774899982246,-13.029517256099748,21353,1,0,0,train
6.774341793052823,-42.788413312462424,21063,11,0,0,train
15.551520158919974,28.54293231578348,157522,10,0,0,train
-3.672156952242317,-36.745379381898516,157572,10,0,0,train
6.989416099856641,36.70678104106922,157038,10,1,1,train
-2.4242958055022426,3.9356312883024547,47156,9,0,0,train
-41.00043226518434,-55.51502958049714,39092,6,0,0,train
-9.393517236461088,-2.4755232550311197,41331,7,0,0,train
37.08198947737283,-2.232146297128221,21081,11,0,0,train
-5.125314752898905,11.85744396253461,21909,1,0,0,train
9.813348473052027,46.946129045109274,158026,10,0,0,train
35.65059367000278,11.954416741118356,23671,3,0,0,train
19.54136862391345,-3.582957328221767,157344,10,0,0,train
7.016791337576127,-28.14866074571197,156921,10,0,0,train
-31.039279143458828,-44.62182705851977,26232,4,0,0,train
-53.97873324900108,-6.7830928607106475,24639,4,0,0,train
-10.958602485358279,-19.809926382178443,22340,2,0,0,train
30.766131178671113,-18.50708639494197,156813,10,0,0,train
-56.98103357158321,10.164585751813096,20858,11,4,4,train
-58.70774510805552,27.607162464970923,42084,8,4,4,train
37.62215349982944,11.447859587920554,23121,3,0,0,train
9.14628093592237,36.205051682840576,157184,10,0,0,train
-51.76449041541632,40.046591134008736,46553,9,4,4,train
-14.852443194510032,-19.0536647534034,42610,8,0,0,train
25.26899389746121,-13.327458667819547,157969,10,0,0,train
61.68006515131192,-9.407887149064097,25950,4,2,2,train
-31.01118117218993,-30.421090256491258,22224,2,0,0,train
-59.55974808655478,12.304282194698208,20265,0,4,4,train
-26.850866771505714,-16.753420222671142,47129,9,0,0,train
-17.879789069619957,39.937268707160555,46983,9,3,3,train
-29.953776374837947,57.66198743189257,19820,0,4,4,train
-45.72532321181809,-17.705362682445095,41210,7,0,0,train
-9.569343386101524,-25.574534043629342,21487,1,0,0,train
-42.79505588688632,40.850919039547435,25589,4,3,3,train
-17.323832021569068,9.973390925341551,22955,3,0,0,train
-50.597258629538615,38.312364398515996,47182,9,4,4,train
-25.05977471902486,44.24670932992181,25369,4,3,3,train
61.817915695318405,-9.075690557701797,26176,4,2,2,train
-45.82680664877542,21.97508688335848,47283,9,0,0,train
-26.712622641292228,-2.784687889493976,22334,2,0,0,train
-28.22108089469114,2.9499530166592334,42626,8,0,0,train
4.583734051910275,-45.73735837440451,19765,0,0,0,train
-40.91158931549347,14.177742181361783,39971,6,0,0,train
24.519832988129426,-5.25620622157435,23035,3,0,0,train
21.712407163056174,-4.258448192051441,22281,2,0,0,train
-34.57950015889386,-6.75670416405935,41333,7,0,0,train
-50.572596939924054,-50.265204963055794,26249,4,0,0,train
-13.28587851093906,-2.2527300693706733,22752,2,0,0,train
2.682341725138661,2.4520920404778863,23233,3,0,0,train
0.026892369136877647,4.426645877197182,46563,9,0,0,train
57.44415208188748,20.12406553124647,42404,8,2,2,train
-47.23415418096505,-1.2030515953956726,22267,2,0,0,train
6.151439448995131,21.164798860572823,40342,7,0,0,train
-2.2422004341379678,-39.60529117898285,157528,10,0,0,train
33.88337850120038,-9.51264488784035,156842,10,0,0,train
-47.360806776409916,35.151321588093225,46529,9,4,4,train
-53.06550236695912,13.606040328920985,40288,7,0,0,train
9.657644563322194,26.41815288060366,157866,10,0,0,train
-27.9463670836632,3.627958510304767,39393,6,0,0,train
-4.686412724270556,-11.334171026172227,23031,3,0,0,train
33.4318777920832,12.014485188175268,157368,10,0,0,train
2.9504584138154275,28.913093726601602,157196,10,0,0,train
-34.03989302340575,-28.5276558547302,40463,7,0,0,train
-13.697872910031641,-42.1044787958958,47121,9,0,0,train
-25.19755407809007,-18.56631037139734,19779,0,0,0,train
5.559508968746112,-29.057282027673295,157631,10,0,0,train
2.427259529748337,2.6504952739072816,40397,7,0,0,train
18.067958685385065,-5.875678560787042,22287,2,0,0,train
1.7406481762961512,44.26716470157986,46509,9,1,1,train
-14.334707239124779,-0.7275941071116987,40659,7,0,0,train
-20.214279642031713,-25.674799364144448,21154,11,0,0,train
-39.68284134024601,-52.55639842712766,46717,9,0,0,train
17.585295894823524,-11.28670038580092,22442,2,0,0,train
25.235389698690117,11.78350999646238,42608,8,0,0,train
-21.484183177343745,38.28356726452313,25900,4,3,3,train
-21.9203975017655,-42.75432200386331,42861,8,0,0,train
9.276690060835694,-4.792905300246318,23633,3,0,0,train
16.33675070037115,3.1028468060759855,157360,10,0,0,train
-26.108889513242097,60.32251683333962,39276,6,4,4,train
-35.53491827328306,-45.473152275938276,20992,11,0,0,train
13.245488706326991,30.031889909167898,23041,3,0,0,train
-43.805079156402144,24.395277308784365,40940,7,0,0,train
38.139067738837525,-11.094933802071747,39112,6,0,0,train
26.086437446210564,-14.619682452717782,157750,10,0,0,train
-20.319696157374036,63.13940268432104,39879,6,4,4,train
50.46845721068874,21.94211697199386,22312,2,2,2,train
19.519957192146403,-33.44379014776881,19781,0,0,0,train
-35.92882529564566,-1.8059486106000673,25197,4,0,0,train
-28.508085723714704,58.26305633565171,42280,8,4,4,train
-21.218987705186336,9.958833232546011,25613,4,0,0,train
-16.278059187781913,23.525941288834325,24570,4,0,0,train
24.243580019887983,-1.1023099910393257,23183,3,0,0,train
-11.424912618311449,-39.60227100063484,23321,3,0,0,train
-57.91758876587741,8.833421485476798,41639,7,4,4,train
23.07739571152558,-30.33797892126392,157117,10,0,0,train
-43.6721747811704,-20.06471533087851,22891,3,0,0,train
-10.043291680500756,26.87721370923686,40471,7,0,0,train
30.571095067928237,10.968743740192702,21613,1,0,0,train
-9.734674053004532,23.992054321732585,41119,7,0,0,train
18.613078112800352,-11.248940024726616,21901,1,0,0,train
-34.193366415803425,-34.33834944260491,41262,7,0,0,train
-34.760623538372535,-36.490634902036916,22019,1,0,0,train
-19.62763632721368,-3.1276169039309036,21014,11,0,0,train
4.400230322803106,32.558174039771785,157475,10,0,0,train
-38.55864824941266,-35.697826347181774,20289,0,0,0,train
-40.343124189274,6.871838123134432,39326,6,0,0,train
-37.32153013846742,7.975119941577455,24985,4,0,0,train
11.766405988116158,3.969551145936018,157892,10,0,0,train
-36.22721630427624,-18.376422101179823,20664,11,0,0,train
-43.3730403152348,3.5469410563851884,23329,3,0,0,train
30.18270422763096,6.167145381315003,21140,11,0,0,train
-31.749331102236848,-4.297333336312404,41015,7,0,0,train
-7.855614369005103,-16.124761961982912,21525,1,0,0,train
-40.57102773303794,15.897449710733632,39915,6,0,0,train
-37.039733565828016,-19.16091652994781,41043,7,0,0,train
-30.588898138731352,-31.564825121391586,22202,2,0,0,train
-18.702472521608875,-4.241024053151271,40389,7,0,0,train
-50.17162175008025,8.943793171207632,39766,6,4,4,train
37.978948291613364,17.85091766832342,23559,3,0,0,train
-30.514757530192647,-2.589330398149059,46937,9,0,0,train
-44.269743529010114,-60.55572104940377,24407,4,0,0,train
-47.02068435125058,49.16769451630246,39451,6,4,4,train
-45.322729119987656,-31.72131753426232,41625,7,0,0,train
-51.89642449466676,8.819221480385345,39363,6,0,0,train
-0.6813341584047947,28.795845097800115,46475,9,0,0,train
-12.566433507704158,16.863479805238974,39611,6,0,0,train
-41.306164101972016,13.31447051234059,39965,6,0,0,train
-49.466158837723796,-28.121419447829943,20838,11,0,0,train
-53.452349578278955,39.08336418639506,46755,9,4,4,train
-49.62841544931301,0.756045088227385,22961,3,0,0,train
24.963143521453443,-21.78667442451353,21130,11,0,0,train
-21.462090982176637,-21.82840509446733,21493,1,0,0,train
-15.261903578767608,0.8191542403283294,41526,7,0,0,train
23.197011864455025,-0.1629685070229303,22865,3,0,0,train
20.47140208458758,1.800269042629866,40787,7,0,0,train
14.997380561233932,-25.124009058756585,41609,7,0,0,train
0.6491048333310729,15.423552447175652,47271,9,0,0,train
-46.25567294412619,28.462282245926776,24552,4,4,4,train
-42.85080805628337,-51.16130091541031,24487,4,0,0,train
36.800763319573505,0.5102818983308459,21168,11,0,0,train
41.6723225287182,0.9048885419942505,20558,11,0,0,train
-57.16532836451135,18.845173370187588,23507,3,4,4,train
13.171473859787739,-42.672314150135804,41552,7,0,0,train
-42.44917945149017,25.358682301663535,25365,4,4,4,train
-4.539274142149099,21.221662970665058,25684,4,0,0,train
59.92047088532142,1.509921715286818,24989,4,2,2,train
24.520954415270882,-11.192035673228377,158024,10,0,0,train
-26.217086473360016,60.027713039106416,40938,7,4,4,train
-43.273927749246084,25.40577449039923,25519,4,4,4,train
43.20698298902512,11.927872020991499,23669,3,0,0,train
10.734960224217886,-2.3251062078349456,23423,3,0,0,train
10.520550262368989,-23.279275882052048,21667,1,0,0,train
-49.41620190986127,-37.16985792351957,21079,11,0,0,train
-39.51224967598163,-45.34875644360403,39501,6,0,0,train
-35.35451862456456,18.742722467982734,40847,7,0,0,train
6.691332176882071,-19.313373221566394,42598,8,0,0,train
-29.572858238163985,10.11012634730924,41562,7,0,0,train
-47.21299080820802,-50.199800217531035,20968,11,0,0,train
-47.04299679584963,51.58217622112301,20273,0,4,4,train
21.858380855533113,-3.5583573014278236,22480,2,0,0,train
-3.680686276172974,-22.99640478805168,21188,11,0,0,train
-26.28055090348761,-3.64055865314595,23393,3,0,0,train
11.735070770860968,35.8693263108661,22128,1,0,0,train
-46.285549652795694,36.549988403714565,47029,9,4,4,train
3.4345913395682715,1.8849244593453705,40375,7,0,0,train
50.00197236359136,24.876433378726077,22504,2,2,2,train
-39.51025763826859,-22.388086202547225,41037,7,0,0,train
3.906715795573213,-33.07589298258367,157937,10,0,0,train
-48.407449741887106,4.362825094936048,42560,8,0,0,train
-21.815225616309355,0.4417796921506405,24560,4,0,0,train
24.749778922625563,10.388230046762041,22784,2,0,0,train
-46.14098006782112,47.00217574507174,47176,9,4,4,train
7.258432051436436,16.683515002818798,157429,10,0,0,train
-3.551513394880078,42.887797786943906,157200,10,0,0,train
-7.726227010704081,10.77721596027513,20633,11,0,0,train
29.31486274488331,1.5109445508394659,41515,7,0,0,train
-39.857339722436336,55.747244790496055,20133,0,4,4,train
-20.69756935745906,-28.87758771625956,23075,3,0,0,train
-50.56933185267992,44.193122595332454,19751,0,4,4,train
-55.81710585008602,20.959386770765672,49025,9,4,4,train
-49.25696605751065,2.913426622038065,25269,4,0,0,train
62.019454802861276,-11.067200342169329,25804,4,2,2,train
-23.99413853316033,-2.843236535675231,40902,7,0,0,train
-16.95960532103723,10.126218957589094,22883,3,0,0,train
-43.36191476060419,-14.835521431225835,41459,7,0,0,train
-46.90813315330334,38.25906953772994,25513,4,4,4,train
-13.467919192568871,5.755074283363057,22037,1,0,0,train
-18.665732150625825,-4.577622511338449,22122,1,0,0,train
10.833308754857299,-9.591364723326047,22506,2,0,0,train
-28.90173104329349,-23.815037010971494,41341,7,0,0,train
-32.469686686262996,-0.9957162942378726,41033,7,0,0,train
-22.735292618751007,-37.75732787488275,23755,3,0,0,train
-24.813292385240544,44.171203990097354,25293,4,3,3,train
-8.828110903171936,-28.091131032062304,21485,1,0,0,train
-34.94596131029185,56.9284562779106,39547,6,4,4,train
7.759994405560345,29.321128903238463,157757,10,0,0,train
24.258061049354698,-11.08322663924508,158007,10,0,0,train
56.79070529784502,22.162951882820263,42708,8,2,2,train
17.78764982506224,31.491152749065808,157977,10,0,0,train
4.301573444909714,-38.595461645032884,21315,11,0,0,train
-4.381190848900015,14.328841286265225,41734,7,0,0,train
-28.959880557449562,-27.381928813208212,42873,8,0,0,train
16.281157020622054,20.2582658505293,157722,10,0,0,train
-15.428850788219906,16.492165965334653,46719,9,0,0,train
-50.11975780922462,-6.356345459751637,20988,11,0,0,train
27.163644711677133,8.488329612333795,22679,2,0,0,train
-25.9236378261188,-22.112303970587945,19925,0,0,0,train
-21.448639362112317,5.5287540343141,26184,4,0,0,train
-34.023047808643355,-1.726311118188496,22887,3,0,0,train
1.6748640093496814,30.16158519325518,24525,4,0,0,train
-48.12665521832511,27.40736370521037,46491,9,0,0,train
-16.602948429689693,9.692751768388824,25225,4,0,0,train
33.27993531455364,-5.551363601086587,21840,1,0,0,train
9.698963570366523,37.09157300222144,157180,10,0,0,train
-13.695128239105474,-5.463590569468692,21804,1,0,0,train
-9.36214859699025,10.753197038035818,22663,2,0,0,train
9.664959239562169,29.40619465995985,157755,10,0,0,train
-7.8899875985135575,-14.321093444858615,22671,2,0,0,train
61.57681082776273,-7.085703282570271,22031,1,2,2,train
18.07341690003555,31.845587970015483,157961,10,0,0,train
6.9463684977853575,-25.706738815717237,41258,7,0,0,train
30.763905537539845,4.420823333466502,21387,1,0,0,train
12.395357095534234,-15.253126325089386,42612,8,0,0,train
-8.22300366688799,-1.9280973151848828,22544,2,0,0,train
-54.89460984799945,8.331326622872334,40465,7,0,0,train
-11.281429740901281,-38.11344782032202,39903,6,0,0,train
-41.17746215211163,-55.43336767343668,39110,6,0,0,train
-4.484316643523866,-37.47653225237947,40775,7,0,0,train
-38.05127815032905,5.6465704745760545,46771,9,0,0,train
22.303297553321155,-12.766102946357126,157933,10,0,0,train
-40.200771141876245,-22.76311784768283,23775,3,0,0,train
-31.564277768500602,-32.772299657834566,40613,7,0,0,train
1.17945986664024,14.552204904146542,24863,4,0,0,train
-16.9519276070627,-8.675603802157209,47117,9,0,0,train
-14.10907364903319,8.4284784354153,23645,3,0,0,train
-22.615676844451965,29.941579327097944,20205,0,0,0,train
16.285371039291718,-35.95448282561661,21744,1,0,0,train
-57.617049087020845,39.58657867955145,39250,6,4,4,train
2.8502275208384873,-7.866901223029177,20848,11,0,0,train
15.114958962638969,-20.66720106116496,20285,0,0,0,train
-43.96852769032816,-19.8634472709081,23027,3,0,0,train
-54.42772068009188,23.399970039330924,39507,6,4,4,train
-31.806534749918995,-17.4177743804876,20157,0,0,0,train
2.8520639769669582,-31.756330982639252,21742,1,0,0,train
1.0900869324948061,12.00321682641882,41270,7,0,0,train
-19.21924397314762,62.83329761377891,39252,6,4,4,train
22.26480292002181,-9.13944699390112,20862,11,0,0,train
-16.922483661157223,-37.08314066554658,20925,11,0,0,train
-52.40013128002262,6.665011233609629,39365,6,0,0,train
-34.511535463430164,20.141012414578416,25733,4,0,0,train
-26.96259730105792,6.094563467305846,24830,4,0,0,train
-16.494446758827927,35.84616773868359,46844,9,0,0,train
-12.16975564563749,-10.957531233880644,21515,1,0,0,train
-48.44228984791053,10.450734107668183,39715,6,0,0,train
-48.60202786927984,39.42228664667695,47246,9,4,4,train
0.26436839295585024,-4.3892473051324234,41965,8,0,0,train
31.310500240013216,-18.113510522515973,22230,2,0,0,train
-48.16187851412555,24.403296332019824,46743,9,0,0,train
-15.151223889771781,-49.67117370424994,42504,8,0,0,train
51.02251987496955,26.224343372364768,41866,8,2,2,train
-1.595355915786934,-9.090170152823042,21385,1,0,0,train
-45.3101867861038,-63.40067227268608,39215,6,0,0,train
-0.5032125002443237,7.87155122458082,40563,7,0,0,train
35.61086304137946,18.243753359356877,47062,9,0,0,train
-22.987005218377487,-3.0590857251083157,40483,7,0,0,train
-7.291240589357418,-47.96843609979409,21930,1,0,0,train
-27.70812571704535,3.9694056038164636,47297,9,0,0,train
-24.628858728603813,35.261377281711134,25337,4,0,0,train
-49.94887170538124,-22.566496108995207,41702,7,0,0,train
-18.981298260757143,41.76746924701446,25670,4,3,3,train
-37.8740787266687,-44.74356947354363,19887,0,0,0,train
18.34179308464019,18.78040889968167,156961,10,0,0,train
-53.79143902157543,23.94482479113652,42486,8,4,4,train
29.59130169350009,-10.029383054849601,41736,7,0,0,train
-51.1256179471895,-49.584903299972154,26090,4,0,0,train
-39.334530338235254,-7.106589074304892,25782,4,0,0,train
13.80014089643754,-24.14798553090649,19803,0,0,0,train
15.060854163512541,20.538032317404852,157204,10,0,0,train
-36.42441559532321,-15.069664676854988,42839,8,0,0,train
-27.617369738320246,-38.81858829133576,20825,11,0,0,train
-11.515410965968226,21.587062662257214,48987,9,0,0,train
-36.978273456928726,-2.5392606885153275,26034,4,0,0,train
10.247450345437464,-19.338172080704602,23353,3,0,0,train
-3.5125482774234085,46.00147602919526,23219,3,0,0,train
-37.349715832350284,-36.731674129503276,39641,6,0,0,train
-51.505802167687534,-27.121740332807267,21289,11,0,0,train
-14.502886947023237,-18.249141006998684,41546,7,0,0,train
-12.610000825674009,-10.66259172917797,23593,3,0,0,train
57.78458536635962,16.831369479331666,42915,8,2,2,train
-14.038304692240835,-20.145408080298694,22734,2,0,0,train
-32.00063387749161,57.857513264870846,24736,4,4,4,train
-56.37810712786043,2.3683436548262877,41453,7,0,0,train
56.76532701702918,23.176245571772576,42327,8,2,2,train
-4.1996459498537355,41.55220107921791,41961,8,0,0,train
3.408193595707811,4.023077279040866,42374,8,0,0,train
2.6571905337024138,-16.430288436750992,46723,9,0,0,train
-17.209753775449595,-36.84249906558328,20572,11,0,0,train
-34.732895968199685,-46.663073185764205,39120,6,0,0,train
-18.80210785242978,-25.780654957078003,40371,7,0,0,train
56.05387923620037,18.365147412705426,42410,8,2,2,train
-59.55931710514446,33.13924076377529,39758,6,4,4,train
-32.16959926919026,-12.890884955865603,20085,0,0,0,train
-11.540091524522252,-6.005553319047558,22700,2,0,0,train
-12.65591467759812,13.50454422643113,22397,2,0,0,train
-37.2628224757708,-4.45336436540568,40573,7,0,0,train
-31.968433559437983,57.642144282464685,40952,7,4,4,train
-30.817141346500435,-17.13189747207422,20033,0,0,0,train
-4.200350929488121,-11.445396298360123,23023,3,0,0,train
-8.958289471875231,15.074331395234529,157870,10,0,0,train
-48.20646853031805,36.17013777869818,25980,4,4,4,train
-43.35737744487079,-19.78008611227979,23389,3,0,0,train
13.985751336607613,-27.84637073743422,20941,11,0,0,train
-24.564077686612837,-5.302014431081153,21373,1,0,0,train
50.02485237427635,6.529976839320301,25035,4,0,0,train
12.171386921395698,25.453470444529536,158082,10,0,0,train
1.1674265205938035,-41.26274022876903,157253,10,0,0,train
30.574191233807678,-17.43256259321603,46777,9,0,0,train
6.867937059377677,20.820305330199254,23461,3,0,0,train
-48.48241623815797,34.436766481058754,39420,6,4,4,train
-34.474772773406656,-0.6202574922742963,39911,6,0,0,train
37.959482749978534,11.69154402408633,23301,3,0,0,train
-28.731214097928337,22.416613485443087,47017,9,1,1,train
13.44168817416734,-20.62331648060864,39951,6,0,0,train
2.3640004840252544,39.09309596201439,46593,9,0,0,train
-40.21738747286698,8.561696503102919,21810,1,0,0,train
-54.23968196087948,24.73675884079718,46761,9,4,4,train
-44.7140600018449,40.050276508692164,39979,6,4,4,train
-23.754566063901493,41.55564799819487,24554,4,3,3,train
-46.633335362502436,48.1427181924941,21425,1,4,4,train
3.113085306861139,-44.38270938529442,40379,7,0,0,train
-44.72264894963513,16.946070719176973,40777,7,0,0,train
53.714631490469344,19.225307628492985,42460,8,2,2,train
-40.411818285374046,-16.392597637052056,42370,8,0,0,train
-0.32469569103398044,-6.230370581250864,41505,7,0,0,train
15.822375182355195,17.5511744834514,157125,10,0,0,train
-38.53278117548311,-18.88559908646471,41511,7,0,0,train
4.736189519634301,-31.713149993366162,156874,10,0,0,train
2.0173104452379462,10.21197578228999,25053,4,0,0,train
50.612134485729825,26.796335475980683,42672,8,2,2,train
26.890324036853716,9.220215870737244,42218,8,0,0,train
5.186003666838122,50.441664087623224,23157,3,1,1,train
5.437064502481963,-19.691745859496404,39471,6,0,0,train
-1.0124419548286223,-2.9994629650116265,24937,4,0,0,train
-13.55310187705173,29.690741298309575,39907,6,0,0,train
5.553535714989138,-21.259258007569663,39479,6,0,0,train
-19.700476934397326,-36.08113670112685,20605,11,0,0,train
-39.826798006683134,-10.448084203976931,26098,4,0,0,train
-47.75740504212419,10.107155201997555,25790,4,4,4,train
4.913044398021681,50.30509969369824,23585,3,1,1,train
-14.572102705461887,-35.787587242624,20807,11,0,0,train
-4.035208638239518,-47.209825811119515,21560,1,0,0,train
24.466592942107166,-21.89789178224786,21128,11,0,0,train
-10.25753887482731,28.8408578403022,22782,2,0,0,train
-3.9177288443674936,40.39886562450454,157761,10,0,0,train
-56.03813416088576,4.32980570136527,47078,9,0,0,train
-49.178146629662606,-44.07634722043301,20063,0,0,0,train
16.175044524729746,3.5940605889458954,23415,3,0,0,train
7.516282489821279,44.223396171355745,157415,10,1,1,train
-43.54599929437329,48.2201109048889,39461,6,4,4,train
-54.33608693213414,-9.625719734219274,39833,6,0,0,train
-27.153922137412984,59.25094420752892,42670,8,4,4,train
17.18660093184201,-40.796338241650616,39154,6,0,0,train
13.989621480545804,3.7486405539122583,157680,10,0,0,train
-4.700711440014017,21.676732494417593,25759,4,0,0,train
57.832155119401875,18.51159760081198,42390,8,2,2,train
15.67520503639842,-40.164704526310715,22078,1,0,0,train
3.4801713590188506,-20.39731565541635,20069,0,0,0,train
14.802587435486782,6.435794398992729,23609,3,0,0,train
61.75035405553257,-11.411552287573762,25333,4,2,2,train
34.714515442020314,16.484893838157248,157497,10,0,0,train
6.541201399253463,-8.19933265573927,40383,7,0,0,train
33.14086601023014,-17.15342019712388,156898,10,0,0,train
-5.761353841481923,-22.968028904667037,20159,0,0,0,train
56.00854799146417,20.506766485018876,42845,8,2,2,train
18.644758942727275,2.4046558774981497,157186,10,0,0,train
19.054342992390072,19.339077276835297,156795,10,0,0,train
61.784634294526356,-9.144888570705058,24566,4,2,2,train
-43.565368469983255,-6.904552654040879,39381,6,0,0,train
10.88286343653916,38.01333970725507,21681,1,0,0,train
-6.552002865200988,-15.383688700187916,22283,2,0,0,train
3.455172508112657,-31.8328209941673,21730,1,0,0,train
-49.72495282694388,46.97003469212987,41619,7,4,4,train
5.5347050003427825,16.972322810548555,40751,7,0,0,train
-8.308754708854568,18.020277391515105,40865,7,0,0,train
-24.150190566319154,-17.586431690771487,19838,0,0,0,train
-44.27030311011144,4.096164043458543,40989,7,0,0,train
-26.45528624877576,12.07956519811728,21407,1,0,0,train
-30.88158211195988,-20.11357206643336,20986,11,0,0,train
16.45452706781917,26.688574181705576,157819,10,0,0,train
-12.675111749667488,-16.014131357206658,40985,7,0,0,train
18.137904365657473,-7.822924753183641,23003,3,0,0,train
61.659361252564054,-7.9966856755910705,24806,4,2,2,train
16.606256836792674,-13.85792020348734,22595,2,0,0,train
16.482850596964692,-7.6022543498302255,22927,3,0,0,train
20.039204925598575,-17.401992689431662,20587,11,0,0,train
-54.44820957458418,36.22657491293184,40699,7,4,4,train
28.601072734158254,-22.071079567329235,157303,10,0,0,train
-20.465031154421702,36.2090654548861,47291,9,3,3,train
57.991218132529085,0.5888017744114573,24955,4,2,2,train
7.145978425468332,-12.11255596770444,23009,3,0,0,train
20.77590403025541,-3.478250218854355,22482,2,0,0,train
-39.54166525250479,6.288344306786974,42724,8,0,0,train
-9.309870014619717,-39.65679153706958,20903,11,0,0,train
-19.570427327965483,42.20692461918384,47084,9,3,3,train
-32.460496266724874,-16.706073179399574,19955,0,0,0,train
-26.899539898796704,-50.82475537815532,46473,9,0,0,train
-27.39113748996477,4.985891905500259,22524,2,0,0,train
18.82370027931985,2.9871849420618095,157362,10,0,0,train
-17.04420322339585,31.309687708688696,46525,9,0,0,train
3.05581894483991,43.52581578152508,23097,3,1,1,train
-4.031232718164564,5.752566396949618,25047,4,0,0,train
-35.42111235620471,1.1106332519930815,26112,4,0,0,train
20.83807829873147,-4.916242089525493,22736,2,0,0,train
57.14028416969083,22.735964007727926,42732,8,2,2,train
5.806300992152607,-12.6291993123394,22768,2,0,0,train
-33.517965688917435,4.985934165370381,39813,6,0,0,train
28.10101894070365,-8.724432440689196,46828,9,0,0,train
0.3245341942524451,0.22303589478578323,40322,7,0,0,train
-55.688036564004605,20.878839788652158,22649,2,0,0,train
-43.799483505876566,14.416486918857084,47228,9,0,0,train
58.70171153304122,18.508257804982936,42321,8,2,2,train
11.33484786160486,1.4726034584793903,22997,3,0,0,train
4.690137325618096,31.178682738258683,40330,7,0,0,train
33.924979927082376,0.9802762826835851,21246,11,0,0,train
-45.05386118927896,19.39417421314944,46597,9,0,0,train
-28.696161257531344,-44.34773015233927,42520,8,0,0,train
-44.928263240345586,-48.84017384657592,25112,4,0,0,train
16.36464411080059,-4.4859127723455074,157182,10,0,0,train
6.241635939637618,46.24063220680749,157447,10,1,1,train
-51.12218711282763,4.743193860788776,23437,3,0,0,train
-27.658951951466808,59.13938231268446,20181,0,4,4,train
6.93974671093731,27.62389797710059,158050,10,0,0,train
-33.28016640214571,-18.37858633532442,39725,6,0,0,train
-27.219326801349926,-22.196135100352663,41077,7,0,0,train
-31.75758522929739,57.416504106871955,19812,0,4,4,train
-52.41662892667003,37.34919412572248,42184,8,4,4,train
6.909702134135987,49.28149690350719,157860,10,0,0,train
-7.776637972625571,-50.65343129784617,20145,0,0,0,train
-50.655342665731766,-30.015651749012317,21224,11,0,0,train
-49.38447939274437,-50.640433148806906,26257,4,0,0,train
-60.445415202537006,0.0601989518072652,24429,4,0,0,train
-3.1541012225777845,-31.604826430463827,42757,8,0,0,train
-21.62587745044342,43.0240823744102,46884,9,3,3,train
-43.31431304947996,-53.86041484071502,24415,4,0,0,train
7.206090507807758,-46.705005381096996,22003,1,0,0,train
-54.01232055652102,37.73651961685208,40703,7,4,4,train
-48.41685688144153,-3.808155419958893,23025,3,0,0,train
-54.2234402628504,-6.673086990672578,24475,4,0,0,train
-49.31449941332387,-5.8167421567725714,26174,4,0,0,train
39.22016850218928,3.7552106168462034,22681,2,0,0,train
10.071085836617915,-17.944721956014103,21846,1,0,0,train
-15.27287387216657,-19.454863886342142,22332,2,0,0,train
13.127113414461395,-14.514434210567982,21429,1,0,0,train
-2.7650068229146454,45.127090688139546,47309,9,0,0,train
-44.753278930420834,49.48551669871814,41957,8,4,4,train
-17.696475865334897,39.8097912959246,24544,4,3,3,train
-31.151419370403058,-14.412099395274167,20023,0,0,0,train
40.09787618713031,2.442155505012404,23313,3,0,0,train
5.453398675863477,-10.832227066475367,22607,2,0,0,train
-9.270359664974379,-2.7808069809656017,41323,7,0,0,train
-49.23005656743102,42.158157639854096,42877,8,4,4,train
-27.25058072943503,-47.3520268575903,26230,4,0,0,train
3.2279398291658357,10.22406488995604,21871,1,0,0,train
-50.917585117603494,-30.449043318395663,21162,11,0,0,train
-27.12681317950088,23.507507284906684,39483,6,0,0,train
9.291410801990423,20.458252938286233,23527,3,0,0,train
-29.397107329663964,1.921737964604155,24802,4,0,0,train
-47.58276936084168,35.158655693791076,41805,8,4,4,train
10.281472793930217,-30.022799770601768,22257,2,0,0,train
-43.33105533554287,26.208241688688265,26120,4,4,4,train
-7.144769049858268,-7.580993062093747,158103,10,0,0,train
10.773923688269612,-0.4747133089677034,22395,2,0,0,train
-44.94817398529938,-13.693581458369428,42329,8,0,0,train
-46.07003932723116,-60.625727752725425,21029,11,0,0,train
-43.81547655750545,1.212621524875719,40599,7,0,0,train
-11.13849208507577,-3.669512666480765,22802,2,0,0,train
25.56139409069544,20.79919831088473,47031,9,0,0,train
-30.284679331015354,59.34565728852644,42799,8,4,4,train
-61.111835038569794,19.029507091291627,24647,4,4,4,train
-33.02757627801686,-48.65124923134695,39357,6,0,0,train
-50.41117149690827,-5.884513476213069,19775,0,0,0,train
-43.775129513232955,49.660294278745056,40481,7,4,4,train
-21.90473249514351,10.825532715490057,25688,4,0,0,train
-29.987058645270395,6.654267717788688,25918,4,0,0,train
1.777879496784891,-3.194302503538959,20597,11,0,0,train
26.17436171805136,4.952256688512678,157238,10,0,0,train
9.525360172290299,-3.749244898011099,23679,3,0,0,train
-17.571234079220993,10.011129794838086,47212,9,0,0,train
-18.534583582973248,-41.515765396172355,21748,1,0,0,train
-48.1310120008402,37.429363142536104,25593,4,4,4,train
9.15185266221427,41.07881899872967,157437,10,0,0,train
-9.431934276838758,-10.685756970773479,42458,8,0,0,train
-18.538796959844767,7.767147258029926,21441,1,0,0,train
-47.19574042511958,-61.30773937931386,25193,4,0,0,train
-49.27400123286721,40.059832842123214,47184,9,4,4,train
-8.508259566960145,-21.45177037569332,20293,0,0,0,train
-22.700750684752116,44.1378243878237,46551,9,3,3,train
-38.30184976228021,-16.381802804531198,42767,8,0,0,train
-60.30349410610248,27.389782792067596,41976,8,4,4,train
-18.37206782677592,-7.690857355680069,40709,7,0,0,train
-33.76967323503783,57.057833371355215,39567,6,4,4,train
-12.364918565854381,-11.165673584787845,21711,1,0,0,train
30.78829951052032,-6.504604313035979,158157,10,0,0,train
-18.2553673875149,-32.65637158147839,22708,2,0,0,train
10.341782724480666,6.477204078608543,156793,10,0,0,train
-38.97003842356574,-52.91857540778422,24455,4,0,0,train
33.84533607812054,-0.1248824364576061,23743,3,0,0,train
3.963944375407781,-20.09672112556084,24897,4,0,0,train
2.5988054097432087,30.678571066970314,157188,10,0,0,train
-20.180996399732145,45.07518116759822,25904,4,3,3,train
3.768016178641478,36.64319390960574,46603,9,1,1,train
-8.143303556641504,-1.808770051970656,22724,2,0,0,train
2.091261417867088,4.210340222929851,23591,3,0,0,train
0.5344119300008536,-12.141189279654974,21576,1,0,0,train
18.97830533631908,0.4775306335185412,23475,3,0,0,train
10.414124593497249,-12.129694157956202,22704,2,0,0,train
-43.05281300793311,-51.62640976467357,24517,4,0,0,train
-31.662671646387746,58.15391776757923,42769,8,4,4,train
-58.045979332675074,27.988030561242613,42248,8,4,4,train
-32.48346622047619,-16.0920872567803,20125,0,0,0,train
-41.285856575056286,-47.79269517698981,42139,8,0,0,train
2.9802674281100874,42.816294270542,23767,3,1,1,train
-28.189198078053128,-44.47715639131002,42512,8,0,0,train
-59.3519526950563,11.33209625533479,20735,11,4,4,train
19.14394321675181,-4.11903219361163,157688,10,0,0,train
-43.96323420965163,-6.458125009463898,39676,6,0,0,train
-14.007566795818095,-18.507653011815727,23757,3,0,0,train
9.189370423133006,-3.0687473190838785,22218,2,0,0,train
8.33150783834629,-17.763044901156583,157643,10,0,0,train
-34.36821179442504,20.2943602857984,25898,4,0,0,train
-33.42723476577366,5.155958750572561,39517,6,0,0,train
34.729187344765805,6.149234475773566,22764,2,0,0,train
-4.138197523348821,-35.61090885355242,47082,9,0,0,train
-24.568961425680314,60.84832737854427,39264,6,4,4,train
-23.688231609815343,19.96120946998037,23401,3,0,0,train
58.03992917116216,15.733905998014855,42518,8,2,2,train
-46.833515548139474,-17.185232390801463,41593,7,0,0,train
-43.68327020551541,25.75775416279944,25443,4,4,4,train
20.134501542068797,13.973101022841359,156815,10,0,0,train
-20.813325098888697,-29.33196506665064,23381,3,0,0,train
-56.61510822641702,6.875685280561309,42335,8,0,0,train
-14.580920374307631,31.464056786664532,25525,4,0,0,train
-21.81225762191655,-14.223433151245851,20890,11,0,0,train
50.965053587745984,24.670867256453263,42186,8,2,2,train
30.303534738437275,-16.42098654421934,158080,10,0,0,train
17.890004759759087,21.631763421302924,157135,10,0,0,train
19.382635021760837,18.6199801907158,157546,10,0,0,train
-15.504558484033236,7.387177939714178,23069,3,0,0,train
0.6070972956739613,43.26452395927005,46636,9,0,0,train
-5.150766864117357,14.312882206905057,41067,7,0,0,train
20.010306121151512,-18.321452168007824,22488,2,0,0,train
1.2257832012374852,-44.647463741868194,41289,7,0,0,train
-8.548160679100189,-20.64433974305841,41185,7,0,0,train
-3.2197082765660383,-22.137510915194497,22512,2,0,0,train
-44.21597586621469,2.5985399856281837,21962,1,0,0,train
-55.90117367250791,36.429484813194534,24732,4,4,4,train
37.89367102181805,-12.81892208150951,21732,1,0,0,train
-47.88956128026956,39.10925994454992,25563,4,4,4,train
-24.536104561514442,60.83213287484358,39280,6,4,4,train
5.751104981841571,27.78588208553039,156933,10,1,0,train
-10.552972833424775,-46.93601857326205,41655,7,0,0,train
10.919626166705125,8.55638058791272,156852,10,0,0,train
19.491305872116573,0.0884569137575647,22863,3,0,0,train
-3.08358447746231,-19.712587071156438,21808,1,0,0,train
-30.517900992564382,-15.103932572817886,19777,0,0,0,train
-22.932074671544274,9.433080812552362,40439,7,0,0,train
-21.54090874023035,5.492606857647749,47139,9,0,0,train
-49.11480314898267,14.215944902629595,21820,1,0,0,train
-22.36071734940782,11.041532261376409,22963,3,0,0,train
-39.23382457831319,-20.004159851694872,42368,8,0,0,train
-9.586322519386982,-6.138227209566362,40334,7,0,0,train
33.80734403863012,0.01845897471419644,21768,1,0,0,train
9.722694658711227,26.912373949093336,157856,10,0,0,train
-2.645314388230326,-47.90675714743462,39505,6,0,0,train
-47.108535482434576,-17.503085004238983,41611,7,0,0,train
-44.848426015350555,52.96534993829863,20791,11,4,4,train
51.67167997574501,26.73134003592989,42256,8,2,2,train
17.66135129902112,21.98156183095171,157461,10,0,0,train
5.163592775130482,-11.8290467061269,22790,2,0,0,train
-35.412343199174636,0.8191169260737439,20241,0,0,0,train
-41.15920226058882,7.608359072798152,22035,1,0,0,train
14.096460939217362,7.60454977376245,23417,3,0,0,train
6.984523690887098,28.201754804556312,47170,9,0,0,train
12.301841428545409,-28.450428571512273,41226,7,0,0,train
-9.727935138612125,16.079679336420185,21431,1,0,0,train
-47.959922735392794,-5.183973455373722,24949,4,0,0,train
-35.74708760298571,-0.7306535694909448,20221,0,0,0,train
15.774332266952303,6.795857072923765,157566,10,0,0,train
34.08666530611461,-0.532980844523568,157251,10,0,0,train
-0.7700133125134929,-37.6732104665528,41726,7,0,0,train
-9.375945438404683,-10.643707415547539,40906,7,0,0,train
15.401721425393038,18.71640187114879,157542,10,0,0,train
4.866719923225295,-8.76671108829056,21762,1,0,0,train
7.576469453884712,15.680117316792636,41580,7,0,0,train
-53.201794016985346,43.832713604619016,46555,9,4,4,train
12.646597359381293,31.692859378798662,157746,10,0,0,train
-27.67260110984466,-43.62381005879922,39209,6,0,0,train
-20.684105864479204,62.839406778104475,39290,6,4,4,train
-11.56114648232103,-9.722927123061153,41027,7,0,0,train
-15.835893684813165,36.31883639271639,24572,4,0,0,train
1.7225238124601283,13.242494421247374,157285,10,0,0,train
-23.09875937369003,-30.20564416667155,39180,6,0,0,train
-13.234336330703382,5.5502103549040225,23499,3,0,0,train
-39.84398504401704,-45.628206800459026,25116,4,0,0,train
0.25532820071986784,-46.018128419615905,20994,11,0,0,train
-4.214728056318058,18.136819082345767,40449,7,0,0,train
-49.94887170538124,-22.566496108995207,41242,7,0,0,train
-15.743271082387782,7.848802227904596,22601,2,0,0,train
37.94427834124939,4.445613759741877,21503,1,0,0,train
2.045538597541187,-46.60289241751683,41061,7,0,0,train
30.839028417101293,-0.24272334461903966,39553,6,0,0,train
24.596545585928677,15.827743550157365,24762,4,0,0,train
-25.0747816862863,-3.0617193301648955,21756,1,0,0,train
-39.90861996964807,-9.127010980367784,26102,4,0,0,train
0.6146479642613834,3.8979265320741163,23249,3,0,0,train
12.093055046456925,-46.00745376294559,157971,10,0,0,train
5.948966339283501,23.631955657443434,21588,1,0,0,train
-41.0993493342729,-54.05614787553172,39104,6,0,0,train
18.86067129498547,-20.072420413983682,22579,2,0,0,train
43.26900927192487,-1.4463957406527084,39098,6,0,0,train
-40.05979496664837,8.669861742866145,22901,3,0,0,train
-43.624478766419585,-59.28789051597879,23257,3,0,0,train
15.537108064636378,30.395105885955733,156959,10,0,0,train
-27.515822185899122,24.72121637879641,46527,9,0,0,train
-39.64794402798864,0.8061821669826883,46707,9,0,0,train
22.62201556017968,-1.7601973906850636,157178,10,0,0,train
61.750809107081665,-10.33945280885918,25729,4,2,2,train
-21.47607394312676,38.51622192098144,46868,9,3,3,train
2.731963444016344,47.769651870053735,22810,2,0,0,train
-20.89938125088522,62.19801442526108,39449,6,4,4,train
23.413385670206804,-2.0513997122211336,21863,1,0,0,train
13.068825218068177,-18.274400974590392,20039,0,0,0,train
-15.454702331057632,27.612821112396308,25179,4,0,0,train
15.684052346942813,-20.99888549454805,22277,2,0,0,train
-20.08723059428666,63.10382567805716,39156,6,4,4,train
-11.50238287453338,8.176673861284568,22049,1,0,0,train
10.76075753915691,3.0401959731318247,23731,3,0,0,train
31.634385235673985,19.743523853947337,25191,4,0,0,train
-54.16340379375431,36.46815832366488,46874,9,4,4,train
-35.69630723335945,3.7031785835000424,47242,9,0,0,train
-33.79034558418028,-6.090069567586527,41370,7,0,0,train
4.610017747431771,51.90595803372277,23587,3,1,1,train
-18.197421704023974,-2.4649148899986173,22492,2,0,0,train
-27.549250379482647,-26.72303491781168,21049,11,0,0,train
-30.135834075368845,0.2173219902211082,23637,3,0,0,train
-1.3387619522265304,8.249876069322763,24669,4,0,0,train
32.12856208793234,-17.11686420381966,22999,3,0,0,train
-14.444507049652678,31.290729226226095,25674,4,0,0,train
3.9814779619790723,-33.4693642792175,157993,10,0,0,train
9.626155759844071,27.50943915725922,157779,10,0,0,train
-25.175012311260378,30.054510163354742,25201,4,0,0,train
6.689867050946798,-0.05220412602670732,21703,1,0,0,train
4.398286956523824,-9.800474850299228,41135,7,0,0,train
-23.86268760952774,-40.17131771936964,20850,11,0,0,train
-44.14298346266598,-46.60016080536232,42791,8,0,0,train
9.681924031086002,26.575566959371944,157862,10,0,0,train
-34.42898448501907,55.18799667892881,42793,8,4,4,train
-34.67015999348692,5.911073339362734,46446,9,0,0,train
34.78727136472945,0.01586608571133241,40813,7,0,0,train
-19.827558813437435,-25.749084038078536,21092,11,0,0,train
-16.429721752239402,-0.7538662738023666,24722,4,0,0,train
57.53276183893847,19.87714990906142,41992,8,2,2,train
-17.703732836004065,16.40850411421599,22126,1,0,0,train
-32.37224266142191,13.169780208783132,42668,8,0,0,train
-25.94283698906097,-3.6457997949544874,23019,3,0,0,train
-23.79422849189457,61.44259434010614,39575,6,4,4,train
-21.215159457320933,-34.35491634822053,22194,2,0,0,train
-28.02319912523092,-0.5792687143610789,24483,4,0,0,train
-35.2484019928718,-2.4243358255022733,23379,3,0,0,train
54.2486509089932,25.06400302257992,42871,8,2,2,train
-60.18673080438383,27.59148887965043,41256,7,4,4,train
26.572485620829358,-22.821387651464086,20745,11,0,0,train
-24.935694191008878,60.86079831071412,39256,6,4,4,train
20.49471560145063,-19.691008645230376,21944,1,0,0,train
-33.264900965269945,-7.323651322495681,41047,7,0,0,train
-37.78478384045674,13.696447462635433,20065,0,0,4,train
20.883253289519626,-5.005509391103472,22468,2,0,0,train
14.531837597488543,34.74523714433846,156886,10,4,4,train
-2.73852624672321,28.088423274226596,158129,10,0,0,train
-30.45054592961212,-24.94618507181392,21309,11,0,0,train
-49.33180427917161,50.31310352788712,39404,6,4,4,train
-36.900530463702,-18.15048801808559,39414,6,0,0,train
-6.729336095882276,-13.79303439145542,22800,2,0,0,train
-42.85356700871975,-53.304560600912396,24443,4,0,0,train
3.426796932248866,46.032458323749964,23337,3,1,1,train
22.544842863223405,-3.028102527572239,22552,2,0,0,train
-28.461622850781705,-51.02925365531472,41623,7,0,0,train
-37.228947264590516,-4.359720439898078,42761,8,0,0,train
-61.0825134515061,10.122576638003327,19771,0,4,4,train
-45.57849172753886,-62.64194634601961,39355,6,0,0,train
33.36093882256651,12.089719715011002,157228,10,0,0,train
8.913099548121334,-4.723473509807617,20949,11,0,0,train
-25.164371387116105,-48.94214127198549,41631,7,0,0,train
-9.899711019741657,28.668338867108325,40352,7,0,0,train
-45.524245615042744,-60.04086904182594,25802,4,0,0,train
-50.68416493602521,-50.16282420205049,26243,4,0,0,train
7.469720576012406,1.048221917146579,157920,10,0,0,train
-29.947570194414606,-32.60085700697687,41065,7,0,0,train
-44.76354826369963,50.933495544699724,42345,8,4,4,train
-37.32582174459651,-20.071146522677633,41416,7,0,0,train
-41.445498628065394,5.627572869492007,49003,9,0,0,train
41.33425038926249,6.475922458082966,23683,3,0,0,train
-39.49468944729314,-28.4571907990786,42080,8,0,0,train
-31.394959232025098,-4.4056382047449345,40641,7,0,0,train
33.17862775595022,0.17764605512595522,157249,10,0,0,train
-9.633810364046644,15.734207884905231,157789,10,0,0,train
-34.51375188923281,-21.35258306579486,39432,6,0,0,train
7.655186441589031,29.11313319711045,157888,10,0,0,train
6.3366877977679295,-42.39277031053173,20692,11,0,0,train
-57.46995444574878,40.153425980672694,39551,6,4,4,train
-6.137089250430769,-36.50128627755011,47096,9,0,0,train
51.26251803887399,25.15651262841612,42252,8,2,2,train
25.34658039886953,-12.942004363306602,23561,3,0,0,train
-3.356612708435141,45.01111364768494,46559,9,1,0,train
-39.24697741935295,-19.844020660501418,42343,8,0,0,train
11.274044408321132,30.08411757025477,157718,10,1,1,train
0.2901722516163687,-43.068784544026315,20731,11,0,0,train
-4.5344480771061635,20.777797754105208,22118,1,0,0,train
-11.033504777563326,-40.94482491924977,42305,8,0,0,train
19.189635338731215,-14.352452627916888,21921,1,0,0,train
14.37812427156448,27.773931354150008,157686,10,0,0,train
-48.04323543594417,-25.868881426168077,21152,11,0,0,train
-23.502270396928754,-40.09514545997071,20984,11,0,0,train
5.620357516414488,27.54400781202031,46735,9,0,0,train
6.401694656906113,-28.2662182371298,23483,3,0,0,train
-42.34185231724021,-16.27017016123903,40553,7,0,0,train
-4.184670622274469,19.58895836721555,19941,0,0,0,train
14.166202811384515,-39.27432065098192,20564,11,0,0,train
0.5688190526199861,6.979360579912287,47172,9,0,0,train
38.653879561870156,-5.247132062781332,157230,10,0,0,train
-32.62808652272961,-13.160985791809422,19852,0,0,0,train
-1.5383194260644881,-6.570884598638733,21094,11,0,0,train
-6.909702511965289,38.72191474852818,39731,6,0,0,train
-16.479183140931937,-43.18616262791221,20723,11,0,0,train
25.383691125628783,10.859298298016082,42674,8,0,0,train
-1.7205214678687994,-14.355532862477444,47060,9,0,0,train
-58.78526643596753,37.385167115499726,21006,11,4,4,train
29.165678560117794,-31.417829309851673,156931,10,0,0,train
-8.398695027976352,14.049241633008208,47218,9,0,0,train
6.755038320814403,-14.323256378558494,21721,1,0,0,train
-17.801379600732876,5.355964802734471,25932,4,0,0,train
9.236705214921134,-16.24560574505654,20763,11,0,0,train
-47.10413873639851,-17.500796176087416,41228,7,0,0,train
14.168525901342381,5.499050708599913,157829,10,0,0,train
-47.63669556035981,41.321308588689945,41412,7,4,4,train
-6.42157196691676,20.68840383461356,23151,3,0,0,train
-48.974714465459584,10.568425164195302,26204,4,0,0,train
-25.459032205205144,-27.218838187571738,21584,1,0,0,train
58.347234796331904,16.556424415310943,42538,8,2,2,train
5.202083903815687,46.977096381491805,157491,10,1,1,train
-44.010355211641425,-6.615967756237212,39678,6,0,0,train
-21.13539785525777,36.616922839161546,25267,4,3,3,train
13.875194743050429,-7.839875928189476,22993,3,0,0,train
49.58264547782534,7.204735127075752,20829,11,0,0,train
6.281241373111733,-35.9583404003381,22190,2,0,0,train
-4.695817530025151,17.19965462818433,23063,3,0,0,train
61.731784353634794,-13.028954138202524,21027,11,2,2,train
26.479084173078004,-5.771565096022288,21586,1,0,0,train
-0.22276128062773104,0.5856339778478683,40284,7,0,0,train
6.380373378171587,-36.08162071151402,22180,2,0,0,train
-19.287271115276337,26.467134614072176,42194,8,0,0,train
-58.70079219599101,29.741582204493373,39803,6,4,4,train
-42.82973688843923,-21.072944301561108,21329,11,0,0,train
-20.147137436058927,44.96762939262071,25515,4,3,3,train
8.136284319513333,23.706997432962666,157959,10,0,0,train
37.9504511411277,-4.346633790079633,21740,1,0,0,train
-25.527267747960305,29.891626770871028,25261,4,0,0,train
10.313794158736084,26.97660687669944,157864,10,0,0,train
-34.99414848021098,11.570418711537092,25501,4,0,0,train
49.73111280243995,21.97039368687248,22249,2,2,2,train
-39.733797955899405,13.524788201508951,25715,4,4,4,train
-57.808632704311094,9.852994613772603,23443,3,0,0,train
10.276078630242537,28.145936936759153,158086,10,0,0,train
-49.31570158916574,-11.960948034229817,21148,11,0,0,train
6.791136765822788,17.785041631340054,40835,7,0,0,train
-31.100825364591525,-0.32680186438302433,39819,6,0,0,train
-5.160460228741043,11.892728346879652,41007,7,0,0,train
-16.973169686160695,41.409941790350885,23773,3,3,3,train
-30.98729657261408,-40.463061545250454,39817,6,0,0,train
-34.47785334987685,-34.40975287898196,20087,0,0,0,train
-38.76149489752895,-28.112369354989056,42141,8,0,0,train
-43.67985147581513,20.570667562423463,46521,9,0,0,train
5.420277659302581,-18.334036703219315,24957,4,0,0,train
-14.187760893839389,-19.969229590269553,19909,0,0,0,train
-20.2791096904623,34.90588062666906,25719,4,0,0,train
-33.162961172187025,-20.0130533173509,39322,6,0,0,train
-43.429492726796965,18.03355056300856,46428,9,0,0,train
6.424844593808775,-41.46370550252395,21008,11,0,0,train
35.37545689194691,2.148631963171752,39744,6,0,0,train
-40.98506287713964,-42.41964375576147,24515,4,0,0,train
-2.461300143601213,-27.415424058924923,21301,11,0,0,train
-11.783061757539562,23.919666758243814,21834,1,0,0,train
-18.628629670725935,41.16927350107365,25910,4,3,3,train
-10.004732549529042,-16.67965656600275,47119,9,0,0,train
43.35856955151364,3.4056605192040594,20678,11,0,0,train
10.552872644616023,6.519514616757287,156777,10,0,0,train
-20.068304168146902,-40.16433452038487,39607,6,0,0,train
7.880053689102251,-25.132967875996385,41145,7,0,0,train
-38.68420361598824,-10.834458077705463,25015,4,0,0,train
-35.63370370530569,-53.59174856855458,157338,10,0,0,train
13.655612648808479,36.66074535739688,156996,10,0,0,train
22.44261489442024,-0.554818162373237,157323,10,0,0,train
-8.24302820851477,15.008570578773254,21776,1,0,0,train
30.40069376489232,-16.18042456425234,157995,10,0,0,train
-49.43917412542362,43.610026983219356,26202,4,4,4,train
32.091471489667356,-13.48415052975837,22247,2,0,0,train
13.796776576701081,26.78070674506622,157759,10,0,0,train
-43.706345168269166,4.925481126120709,46617,9,0,0,train
-46.56616433246377,38.89405218586836,47224,9,4,4,train
-29.75965022216391,4.97562558201107,39688,6,0,0,train
45.62268542046296,12.124871764146906,39752,6,2,2,train
-7.26803348812116,17.118317680816293,158044,10,0,0,train
-41.23919856541525,-52.628187889660325,24457,4,0,0,train
4.1220562608358104,-8.519980366354051,40803,7,0,0,train
-49.234970549017845,2.8784112622648785,26036,4,0,0,train
30.94852262044478,-0.4245923653365463,157935,10,0,0,train
-6.377883431596669,-41.39284935780434,47131,9,0,0,train
-39.271988308337384,54.75590775926126,42452,8,4,4,train
-26.039153584989155,-37.33405020069951,41560,7,0,0,train
17.161942565912796,-46.516080009108435,24417,4,0,0,train
-21.439634540988095,-3.489733081755351,24790,4,0,0,train
-56.203858530523405,37.32567063032246,40559,7,4,4,train
-7.658933047356844,-40.577664665096705,21534,1,0,0,train
-6.177816254937719,-20.307272563263542,20149,0,0,0,train
-22.122352920815192,-7.756019994295894,39497,6,0,0,train
40.90364010654805,5.115546885352933,21184,11,0,0,train
-32.816932639741545,3.1409626289790333,39426,6,0,0,train
-17.90285621655245,5.358843508247583,25692,4,0,0,train
36.48213338725486,11.495911132989244,157247,10,0,0,train
24.976639373825083,-16.731969976250625,156747,10,0,0,train
-26.133107864898225,7.56576638213771,46882,9,0,0,train
-0.7390426752620023,-1.6357296840298132,46685,9,0,0,train
-12.582802745640592,-23.09574141422785,42440,8,0,0,train
15.299429661205576,-27.946861598108615,21317,11,0,0,train
-8.030157929311835,-24.990326188138514,41732,7,0,0,train
-26.3156289397114,18.887750020875178,41927,8,0,0,train
59.38457016032858,3.662668462139039,23077,3,2,2,train
34.39791835998592,7.895028707342274,23059,3,0,0,train
-1.6952089408124458,-14.225009465801778,39654,6,0,0,train
-35.70532848701525,3.783246138095312,41813,8,0,0,train
-47.46772503385763,49.97112173796913,19899,0,4,4,train
-3.9606953322504133,-0.6322504491600502,41988,8,0,0,train
58.17637626237705,15.73909785863625,42514,8,2,2,train
-8.41967020469782,28.111517667712686,25381,4,0,0,train
-7.57640020977532,-23.461690170504866,20880,11,0,0,train
11.469495030305044,-7.715002749508259,157730,10,0,0,train
-14.31212265225335,17.036832481519973,39353,6,0,0,train
8.251462263862248,48.31721501904612,157775,10,0,0,train
-51.593943600021845,17.845816028441817,47080,9,4,4,train
-26.553488420017132,-5.369232017203556,21572,1,0,0,train
-59.22263909652462,33.712317721840066,39623,6,4,4,train
-13.146862318026322,6.999616066522965,21832,1,0,0,train
4.744028679906325,47.11138798245713,156992,10,1,1,train
-57.031738359667315,20.361255851039864,40290,7,0,4,train
-32.36798711519542,57.29937843572792,39573,6,4,4,train
30.923948571050563,5.123568040278585,22051,1,0,0,train
-40.83551803940939,-3.5176071804723734,40585,7,0,0,train
21.090105272227465,-36.15054434872138,156850,10,0,0,train
-50.13412022450167,34.50919631273993,42640,8,4,4,train
-45.49334984851538,2.5490576926941606,24788,4,0,0,train
15.632021888880498,-2.9355754032001893,157665,10,0,0,train
21.055369902917665,-2.6834260376209107,22796,2,0,0,train
20.535079374458128,1.4986913073423502,157378,10,0,0,train
40.76475303218689,9.201244867233719,21897,1,0,0,train
-0.2778968512740114,27.91754417629909,39260,6,0,0,train
-54.47721406912552,-9.286098133040936,26277,4,0,0,train
42.07660154176648,1.5962106353002956,157400,10,0,0,train
-39.51111187460944,-41.394621645416066,19883,0,0,0,train
21.779823660891452,-3.548005810800123,22619,2,0,0,train
-40.415086142635346,-44.818624154662174,20097,0,0,0,train
-0.2674808994233544,7.560886181560781,41491,7,0,0,train
38.87369781194401,3.9682291848151507,40729,7,0,0,train
-34.2587562421579,-22.87960902872048,41111,7,0,0,train
-42.30429058686781,-48.84361017378964,39219,6,0,0,train
-35.05348685112695,-2.8010139452667184,40403,7,0,0,train
-19.355559077553906,-36.169482091328845,22259,2,0,0,train
-1.7027694969869156,9.48086835126155,24718,4,0,0,train
-51.25513283365164,42.395468953554214,19969,0,4,4,train
-0.5688975400334666,43.736481209955386,24838,4,1,1,train
-43.2379033294453,49.00204227020309,46852,9,4,4,train
-4.549985014365863,16.905583667071213,157773,10,0,0,train
-18.623323074937282,-25.55484462849313,41445,7,0,0,train
-45.274498507487635,-18.11912042497609,23345,3,0,0,train
16.029016260048373,-45.088747449415735,20779,11,0,0,train
-44.23575590678399,-45.6302610430986,42012,8,0,0,train
-42.942844328624176,-15.313309040671232,41451,7,0,0,train
-3.025266940947607,-9.43837556126949,22933,3,0,0,train
-5.303750309571923,-19.77692832056133,41183,7,0,0,train
-14.375233444707689,-0.13236452864209547,22740,2,0,0,train
-18.7254731563702,25.116234776943305,46668,9,0,0,train
-46.69012148726458,0.23070260567635836,42202,8,0,0,train
16.507008165039085,30.39467033033707,157943,10,0,0,train
18.778835137037127,13.131839983468222,157220,10,0,0,train
-34.426507423494414,12.9269376105641,25944,4,0,0,train
-33.458535367639485,-13.352912768501081,20595,11,0,0,train
-28.062753892308233,-21.637948884163173,21423,1,0,0,train
32.1032561244553,5.1991294497108855,21375,1,0,0,train
26.828766281653298,-8.618138483442383,21136,11,0,0,train
19.19389965546626,-3.857423077266454,158056,10,0,0,train
-27.579583671714456,8.593291771980988,46670,9,0,0,train
6.427447238931222,45.381522173441326,23037,3,1,1,train
36.101133703997135,5.036169737991999,20639,11,0,0,train
-9.854764659074537,29.01453496164018,40815,7,0,0,train
-4.196107624858372,-19.468908471165435,25138,4,0,0,train
9.111201324594479,-23.704912639319637,23489,3,0,0,train
-42.969405088617535,51.02077889457465,41418,7,4,4,train
-22.797697185362484,-16.140953365120957,39525,6,0,0,train
-29.443279919854696,9.67230291673602,24511,4,0,0,train
12.492153220187149,-0.016453142649074604,157372,10,0,0,train
-5.612935720638593,-29.452099393178575,21196,11,0,0,train
11.213851652446472,4.160612938179326,157825,10,0,0,train
-37.16057408823984,14.960717479168034,47236,9,0,0,train
-32.76783774422326,-5.4230872312314835,41378,7,0,0,train
-3.004412103752893,-3.4775024874515608,42376,8,0,0,train
0.7306716421124086,31.46134181861731,157842,10,0,0,train
-31.037578372886454,57.85495088421341,40964,7,4,4,train
-19.101488429223828,14.904508533289146,158048,10,0,0,train
-56.81703026339433,35.2716955968868,42028,8,4,4,train
6.140295921172434,44.878727595875546,23429,3,1,1,train
16.03952439463712,-42.88458354049075,156882,10,0,0,train
7.914727389576299,47.05589534105687,156884,10,4,0,train
-44.76001633402139,50.41538403635418,42797,8,4,4,train
-38.33761210478605,56.24434971363635,46547,9,4,4,train
-25.245968332216563,20.960216983751124,24933,4,0,0,train
-54.46810596496698,16.041795074029874,40328,7,0,0,train
-25.997720910068303,60.403958599080525,39569,6,4,4,train
9.658576140234928,3.480199440265391,41902,8,0,0,train
-54.4537134185245,-6.623701628545105,26094,4,4,4,train
-8.940173379677663,-20.659471111073064,39901,6,0,0,train
6.414845584521391,46.082037012518924,23681,3,1,1,train
-54.40961077676813,6.703546761274287,39684,6,0,4,train
-50.30744657880241,-50.42109823739089,26259,4,0,0,train
-18.363642484567556,17.35083280516887,157793,10,0,0,train
-50.121684757615895,40.106592230076785,46589,9,4,4,train
40.89758091720559,-3.7696474429083295,20686,11,0,0,train
-3.191583518101524,34.15759619077154,39933,6,0,0,train
1.6739143594621435,-16.759454995886276,39233,6,0,0,train
-46.97007280220156,-26.548657297964194,20919,11,0,0,train
-45.59162684703071,10.601004900467311,25964,4,0,0,train
-28.235799644823643,-0.5601982885546252,25128,4,0,0,train
-15.88881249082393,-27.18638945295116,26006,4,0,0,train
-52.160189679761885,39.8720476122858,40308,7,4,4,train
10.144146027232743,7.864467632865944,157912,10,0,0,train
-3.7071214741255947,-23.152515998725743,42692,8,0,0,train
-50.96086628551957,23.64232566214061,25788,4,4,4,train
-8.990539898916262,-10.076665818518315,23583,3,0,0,train
34.34092856068936,-14.395080924805088,46511,9,0,0,train
-7.799509360475891,18.104202503210757,46905,9,0,0,train
-46.36862284979006,41.018527372158246,39621,6,4,4,train
-45.494358584583594,33.76785445959921,26050,4,4,4,train
-29.552297600432205,-50.77659912087573,19881,0,0,0,train
-46.97379536935884,40.432067691267264,26206,4,4,4,train
-43.52539623198277,26.811401679639673,25743,4,4,4,train
-47.47771330288923,49.44759836964076,20275,0,4,4,train
0.07870726794054939,44.3835237113603,157115,10,1,1,train
-44.98640521322834,-53.217934122067604,24405,4,0,0,train
57.52881593645402,17.54099898799097,42781,8,2,2,train
-15.779595371483676,22.329974115191124,22047,1,0,0,train
-51.91642319827298,30.35330749309992,41795,8,4,4,train
12.548817817030809,-32.880744253964295,20945,11,0,0,train
-0.5666219259304377,0.2375370236928369,157544,10,0,0,train
10.148206313517818,-0.9429599581229494,22373,2,0,0,train
36.264929268419806,-5.841944155211795,47049,9,0,0,train
-9.433241461509928,-19.38518078661631,42220,8,0,0,train
18.41137426217894,-22.423398181616246,41357,7,0,0,train
15.141845404302295,26.175083404870527,157694,10,0,0,train
61.818528524300916,-9.33739758548859,26194,4,2,2,train
-11.079579280427478,29.33366481007847,41203,7,0,0,train
-31.092795753221832,-44.51853719881062,26218,4,0,0,train
24.500388105692235,8.83241032046797,40809,7,0,0,train
2.1809609122155305,39.61772051508427,157103,10,1,0,train
-4.353869326320841,-27.507524281263077,20621,11,0,0,train
-3.0305573711640177,-2.354742920618995,23163,3,0,0,train
35.351501237339775,17.756096962882992,40755,7,0,0,train
-12.801040079888981,-23.333832632250385,22098,1,0,0,train
23.911405558896124,-17.077127273496217,156755,10,0,0,train
59.918738481078236,3.033247722922946,25199,4,2,2,train
26.31899841824742,-7.340382627970309,23725,3,0,0,train
12.008622016907935,-34.02111396812127,21844,1,0,0,train
-50.99484733218401,-49.08016658508845,26269,4,0,0,train
-8.21984792150742,-32.54485163754167,23763,3,0,0,train
24.04115285959519,8.505971703589761,41530,7,0,0,train
6.249904663149646,21.46004238689673,25690,4,0,0,train
-5.552774100476756,-30.180460082806906,41728,7,0,0,train
-24.770507576683883,-3.123979808314291,21966,1,0,0,train
30.847344722437004,4.6525175380017245,22124,1,0,0,train
-53.21521011445445,40.623917582989506,47027,9,4,4,train
-45.31535830432047,33.61081820325842,25978,4,4,4,train
-1.612832284289686,28.99560334545293,24523,4,0,0,train
24.684357722501428,-4.357888633233079,22979,3,0,0,train
-2.353694943352995,-29.45869643119733,21707,1,0,0,train
-33.32336075726877,-54.34318045860435,157653,10,0,0,train
1.5975047816584027,0.9345272451467186,23165,3,0,0,train
1.7623273196457294,30.21111957444514,157370,10,0,0,train
37.11455711029819,10.800683205579672,23119,3,0,0,train
-23.159372887709026,20.908521986174794,24786,4,0,0,train
-36.41059955195284,56.23091972259252,42785,8,4,4,train
16.218586239886324,21.441246208149902,157040,10,0,0,train
10.13303671442759,38.512127247951526,157524,10,0,0,train
-45.29318772752016,-47.68234827864572,42742,8,0,0,train
8.558299634830998,14.279910610278153,40679,7,0,0,train
12.043427369573944,-16.75833370177845,20223,0,0,0,train
7.86311386426495,-9.405615514371094,46471,9,0,0,train
60.47451215954162,-0.21242585259570446,23627,3,2,2,train
-44.36847159286863,-51.43161800770844,39340,6,0,0,train
32.02541230284291,6.966677878290434,41143,7,0,0,train
-5.918324310901851,-19.22128541308844,19977,0,0,0,train
43.3453738311333,9.6371706541905,39455,6,2,2,train
-42.76654617795353,51.51694732540514,20856,11,4,4,train
-50.221097631260946,33.51781150348215,26275,4,4,4,train
-1.7655959698281638,16.284727732169106,22431,2,0,0,train
-49.136411284056194,-13.979435073544062,41947,8,0,0,train
36.36277719741288,6.9378641141667385,22762,2,0,0,train
-55.63849368474688,6.2727761986834,41083,7,4,0,train
14.39626946063888,-31.879890070134184,21449,1,0,0,train
-14.364317408159348,-24.560046111614962,20043,0,0,0,train
18.100327267965888,34.34193334766131,158159,10,0,0,train
26.267114369295488,4.681159875358731,21501,1,0,0,train
-57.62515076884915,13.601081993222381,24754,4,4,4,train
-27.773277480197542,23.59070179179774,42632,8,0,0,train
-38.59089470885931,-10.615396892400147,25009,4,0,0,train
-11.275295396606296,-15.184220398108538,22518,2,0,0,train
17.241093346829608,-27.933606877401964,19795,0,0,0,train
-14.303462910652556,2.714219712971257,42024,8,0,0,train
-12.931050870367294,5.257346385590769,40653,7,0,0,train
-3.721078336305811,-11.183652504212217,41714,7,0,0,train
7.059874445780487,28.184407376716116,24706,4,0,0,train
11.934150536567081,34.25091274362116,41986,8,0,0,train
-4.867997952236061,-39.03758578830893,46469,9,0,0,train
-42.257509346018026,-31.19464537757558,40421,7,0,0,train
-37.810468377858015,-11.18798237935526,25057,4,0,0,train
-21.66246521038569,45.60423037644841,25285,4,4,4,train
-43.768804627378856,26.700342763531182,20191,0,4,4,train
-32.51529809167507,-1.1599701553811737,40569,7,0,0,train
-46.3076387491341,-24.23596714009767,25106,4,0,0,train
6.946368482259754,-25.706924662600866,41718,7,0,0,train
-38.79805166028126,-43.851291027859105,19949,0,0,0,train
-16.039421430370027,-32.20392266540764,41469,7,0,0,train
35.7204218793719,19.530487723525404,26142,4,0,0,train
-9.61332982483182,-2.4314659218345693,41364,7,0,0,train
1.7441470616332797,27.813515633795003,40789,7,0,0,train
-44.63744624488889,13.437132564453462,23245,3,0,0,train
-58.579075462821365,16.70684215963995,41157,7,4,4,train
13.482835427672132,41.898546285340785,157014,10,1,1,train
-10.45470992139389,2.2092636780851937,41931,8,0,0,train
17.888133234105883,24.944276717343122,156994,10,0,0,train
-6.879577117162794,38.71068373647256,39436,6,0,0,train
-52.264819686317495,17.44743937568376,20209,0,0,0,train
-8.447821342814711,-0.7156300473899875,22677,2,0,0,train
-29.899343063710525,-46.4744310085667,42143,8,0,0,train
-35.30717971756967,-51.31652649237235,42109,8,0,0,train
22.621229975046642,-19.71080964176673,22444,2,0,0,train
-12.514299833992027,-22.590717648936476,21693,1,0,0,train
7.803600977599178,49.27605071863199,158042,10,0,0,train
54.16281896523492,26.89311783773037,26106,4,0,2,train
-0.6994374422744354,8.012879017307878,24752,4,0,0,train
18.905547754117148,-39.753274008711585,22076,1,0,0,train
-43.11125798323961,-61.951302441214324,22885,3,2,2,train
-33.46577886195829,13.716899777411028,20195,0,0,0,train
32.864330073721504,0.14533553884995454,40811,7,0,0,train
-31.388724881041334,17.068019067680442,42260,8,0,0,train
-6.006465199410934,-23.779125734206946,20281,0,0,0,train
-0.13976623528825094,-46.615167765425014,21641,1,0,0,train
-48.286576835589145,11.319178035149067,19824,0,0,0,train
-12.131511786289254,24.078529755293182,157874,10,0,0,train
50.857318878152256,25.584178750358273,42244,8,2,2,train
2.604041802156914,1.203221964309582,25235,4,0,0,train
18.0299565806507,-12.317973749719524,22599,2,0,0,train
-33.7125973110993,14.941859225926095,25581,4,0,0,train
-58.03114938654646,14.591447263026605,42941,8,4,4,train
-2.4487046287972474,-1.0900447478006834,23285,3,0,0,train
-55.32330552927175,-0.7591950803580623,21023,11,0,0,train
-40.19285367081046,-16.773996511813117,42180,8,0,0,train
2.230520498861207,41.008280971113635,23283,3,0,1,train
-44.450641609368375,20.786909333827293,41941,8,0,0,train
36.51897394212283,14.319393889370968,157242,10,0,0,train
58.450440975123215,17.342342377121017,42712,8,2,2,train
42.04801750869193,-1.7051895503583927,21738,1,0,0,train
-26.894793003301377,-2.685380474197933,23385,3,0,0,train
-48.00207622543513,-3.8153584502201845,23517,3,0,0,train
15.153729258838798,-44.348423466038085,157052,10,0,0,train
12.44554130902716,9.662430949396049,24643,4,0,0,train
25.386578838433355,23.532610255384835,157058,10,0,0,train
-12.335097336176412,29.680164504474835,25227,4,0,0,train
50.43363076423468,25.914881854619065,41896,8,2,2,train
-36.769565020414916,-45.42189292233253,19911,0,0,0,train
-2.9831028510351123,42.99094740818926,47045,9,0,0,train
-22.18673286290494,32.53131753255525,26212,4,0,0,train
-5.994298912019995,-13.864745001851043,41463,7,0,0,train
-50.3336492804021,40.6359366064072,41023,7,4,4,train
-48.19110248381486,40.572395158737834,42250,8,4,4,train
-39.16997878844976,-23.013770766410463,41218,7,0,0,train
15.806515586841392,7.596860333684155,157821,10,0,0,train
-12.380840611233074,19.36977227517755,24826,4,0,0,train
-36.92653915345744,-0.729501190988599,26196,4,0,0,train
-42.11902154113609,24.91809580153466,46929,9,4,4,train
-1.5995518434483795,5.140309592181909,22558,2,0,0,train
33.85959995996606,-9.408727078584878,19799,0,0,0,train
-37.45750260673228,-22.972224725139842,24411,4,0,0,train
50.540680111260855,22.58178407875833,22182,2,2,2,train
-43.36054145344578,45.08804203000099,39917,6,4,4,train
1.9487883599898161,-10.968326955352536,26066,4,0,0,train
-17.375614913626695,-15.965625047301362,22939,3,0,0,train
2.9670919756978034,-20.726402057705553,19793,0,0,0,train
-28.195904559506396,-3.556126726589634,40429,7,0,0,train
-52.924466262126685,13.128024402938824,47164,9,0,0,train
13.365733930872878,44.79804768646461,157107,10,1,1,train
-25.58121960507925,17.64152550410251,42176,8,0,0,train
-1.009284370009599,-37.60224182759049,41161,7,0,0,train
2.3453143533435696,-20.069106225425497,20229,0,0,0,train
-3.933238221075001,-38.36547466781137,157006,10,0,0,train
-31.27395402186651,9.089695382638524,47305,9,0,0,train
23.84633621290568,-11.268715748337016,158052,10,0,0,train
-42.78164643300845,-20.57183701200187,41234,7,0,0,train
-41.79522002411795,48.55165322462109,24574,4,4,4,train
61.47049554045279,-6.722089622843004,24726,4,2,2,train
-47.17901787985187,-61.29933941950529,25427,4,0,0,train
61.630534164557446,-10.889932707994392,25786,4,2,2,train
-56.89560045983771,35.1304429737899,46917,9,4,4,train
15.064852485153732,27.752173177288537,157674,10,0,0,train
-2.9682283348992735,-20.010336759425012,21519,1,0,0,train
-44.75869987803215,17.145462177452302,40282,7,0,0,train
-32.681093028781405,-16.225236816479786,19759,0,0,0,train
41.4808051417926,3.8055836821270708,21842,1,0,0,train
11.67081223941635,-31.161370481677924,20593,11,0,0,train
-53.13814509211747,9.010834063075935,20017,0,0,0,train
31.729433881574348,5.453539975060088,21467,1,0,0,train
-32.126756507691645,-1.425409311245462,41497,7,0,0,train
39.1742271945768,4.054868347344861,22766,2,0,0,train
-35.358572307937294,16.73869642633426,25509,4,0,0,train
15.522502421784012,19.712277687888584,157469,10,0,0,train
-46.056364221944165,-6.469164840501975,39660,6,0,0,train
20.136858591661433,-37.94737304460813,39733,6,0,0,train
-22.009738222680642,-6.16250559661439,40545,7,0,0,train
10.164421568261943,23.600997060839894,158088,10,0,0,train
-56.54502814527481,9.500208207646558,20666,11,4,4,train
-43.557754478892846,-48.38969669390174,39809,6,0,0,train
-24.412181082249894,61.14504194079416,39577,6,4,4,train
18.867605631440057,-10.422870727601522,22637,2,0,0,train
29.848282899842484,-29.389478713248273,156979,10,0,0,train
-51.15782355228043,-30.01075270294741,42388,8,0,0,train
15.832593631099616,-43.93582172199454,157048,10,0,0,train
-7.511701019680499,-7.880834587824758,158038,10,0,0,train
-11.830080205058891,-47.74930673691533,42744,8,0,0,train
-8.93869496340661,-4.685621770169183,39949,6,0,0,train
-36.81814339477185,-47.123512393905926,20119,0,0,0,train
-4.836652467984396,-25.74439348715251,22385,2,0,0,train
-2.587238587202636,40.839835149627305,158099,10,0,0,train
-19.820697533567323,45.32300162485717,46565,9,3,3,train
22.206164948797113,-7.4552164759432,19917,0,0,0,train
51.68379496551438,27.198612991307215,42190,8,2,2,train
-18.371134611520333,22.306527639079917,23639,3,0,0,train
8.19114708685095,-3.673931013098104,22685,2,0,0,train
17.632447594122382,11.231406578856339,41455,7,0,0,train
9.494320267575095,-22.21081787761797,23055,3,0,0,train
22.392544133827347,-12.736774685043839,20844,11,0,0,train
41.629730354674436,9.537384980414487,21417,1,0,0,train
-35.97022815302374,1.759491449545632,25954,4,0,0,train
11.750328165650469,1.8550511856155518,157809,10,0,0,train
11.168444424026202,38.290330775599855,23459,3,0,0,train
-16.12802882511584,-18.020263362747375,22530,2,0,0,train
24.892297179016683,-1.982103512196407,22291,2,0,0,train
-1.2106420496351618,-21.479946582996604,39377,6,0,0,train
61.384948078460255,-1.9074298556682137,25751,4,2,2,train
-60.18836540140076,-0.5015428973567834,47074,9,0,0,train
3.9544110203350087,15.842548874014124,40296,7,0,0,train
2.2240468112889626,24.589850400676507,39533,6,0,0,train
-28.6508315457975,-48.515048953339814,41708,7,0,0,train
-56.47748333752507,40.43808933474148,41475,7,4,4,train
-46.14217734751578,29.220282971306442,24548,4,4,4,train
18.136199588009582,34.6567295172691,158074,10,0,0,train
-22.323824851798047,35.34223349803297,20197,0,0,0,train
-39.092727761699564,-19.55865247768381,40344,7,0,0,train
18.61119791550487,-27.80961411090153,157615,10,0,0,train
-4.834772432722925,16.980796861256525,41376,7,0,0,train
21.397381469542783,-4.887342614072205,22279,2,0,0,train
-28.75220824716481,3.906814056010666,46683,9,0,0,train
-19.287456484145924,-24.453553022596562,40381,7,0,0,train
-1.2532311674819478,-30.28674872253039,22383,2,0,0,train
-33.7649559750506,54.64484102096192,20199,0,4,4,train
17.23995677731863,-27.908937175910786,21643,1,0,0,train
-22.780999661635697,-39.89529497182164,20982,11,0,0,train
-38.837842256342185,7.435998825293854,40781,7,0,0,train
-35.061801448044136,12.288583412340051,25725,4,0,0,train
13.54450625920963,-21.587937916342028,21883,1,0,0,train
62.03365961974167,-10.331348314242913,24419,4,2,2,train
-10.031244037820418,-5.552089123063271,41216,7,0,0,train
-14.865484507857687,-35.88789224655402,42696,8,0,0,train
6.90259411147813,27.0560435472701,158135,10,0,0,train
2.875550028392043,-19.736836371146488,39625,6,0,0,train
-19.690703627183446,-24.139779139974795,40409,7,0,0,train
-53.279019295098976,-1.0003833032198826,20854,11,4,0,train
10.576307871615999,-11.20926121023344,23723,3,0,0,train
27.266564603717217,13.50319886264367,23061,3,0,0,train
9.165877228383291,-4.540554845370947,21170,11,0,0,train
13.621217614380125,31.604985657166576,158113,10,0,0,train
-18.358559319467062,-16.681095676612514,41224,7,0,0,train
-3.0808124727169606,-10.26861791971505,39905,6,0,0,train
-36.89952064817021,56.11643376779867,41949,8,4,4,train
-54.0309692069586,39.675189670032694,39723,6,4,4,train
-21.290553643089055,9.955484129484768,25928,4,0,0,train
-36.6117547875167,-34.42637050371627,39727,6,0,0,train
12.659604174555778,-32.410879169354054,20753,11,0,0,train
-37.51968509116839,53.38911367819016,41495,7,4,4,train
-32.26185995692931,-43.46729656695244,42919,8,0,0,train
-19.534045710546213,63.668481594077676,39270,6,4,4,train
9.483040218110112,48.10272216257272,157941,10,0,0,train
-48.78758280141382,47.78943645268119,46436,9,4,4,train
-41.27697082559764,-21.298679611154775,41692,7,0,0,train
32.00503981980441,-18.699376577858764,20589,11,0,0,train
-8.423526570178323,-20.84160988956706,19987,0,0,0,train
-49.0563187559174,36.92342191683959,41797,8,4,4,train
-26.430220165288272,-18.204579171826545,25098,4,0,0,train
-45.70516518676065,14.111953226014764,39955,6,0,0,train
33.401210540307986,-12.955637248315519,157667,10,0,0,train
-27.932462703170465,-51.053122560739496,40629,7,0,0,train
-49.59223462380487,-43.06535045452662,24469,4,0,0,train
3.198079924373701,4.56168937392814,20840,11,0,0,train
4.029870840085993,35.52168106503041,46644,9,0,0,train
-49.57149800683983,43.421012538742104,39707,6,4,4,train
56.613245777633054,18.493157287755906,42801,8,2,2,train
-5.638682303730163,-37.24650909475615,42121,8,0,0,train
8.44552310959643,45.73802816403871,158030,10,0,0,train
-21.108774433024195,-12.574092552678517,20767,11,0,0,train
8.546165780837502,42.671949529960685,23589,3,1,1,train
-36.137993001229646,-22.9974055404577,41347,7,0,0,train
50.881080097991585,25.381111003378326,41791,8,2,2,train
-42.68963474116022,25.7095916892216,25664,4,4,4,train
54.284357141322715,19.235538275233626,42066,8,2,2,train
27.385740724698326,20.69084227880287,156896,10,0,0,train
-23.833619067727184,0.8954738772605646,24935,4,0,0,train
-14.79182178992927,-34.13377344087772,40795,7,0,0,train
-32.81990246881792,15.6854661756784,25731,4,0,0,train
-18.16199785408755,4.828020465224188,25543,4,0,0,train
35.67574029116548,19.478987337417482,157240,10,0,0,train
-26.981942020401014,-27.906634467158995,46654,9,0,0,train
10.284705205612166,19.065834063734968,157556,10,0,0,train
-17.79009507677,-20.519489789779392,21012,11,0,0,train
-49.942178453203525,32.59022694324334,39927,6,4,4,train
-44.792028670047415,-31.08831213708769,41710,7,0,0,train
-48.908877789331285,49.098770980666,20650,11,4,4,train
56.13501366800065,20.76893129305406,42841,8,2,2,train
9.847055874404123,35.20371679593191,157617,10,0,0,train
-34.83494287255879,11.91438016971704,25890,4,0,0,train
3.4057028569984293,-15.466779854165011,157028,10,0,0,train
22.461351526510672,-7.864948425045981,20886,11,0,0,train
-45.41249754850803,34.56982429163487,24580,4,4,4,train
6.955294274860979,-3.99878035400248,157817,10,0,0,train
-11.02404805967964,29.07856763342402,41740,7,0,0,train
-27.40244662509733,23.50146526623053,46438,9,0,0,train
11.435561828595795,8.411537512221866,157742,10,0,0,train
-37.078248011477996,-3.525887996125763,41091,7,0,0,train
36.91119421351388,-2.2827021380097436,157307,10,0,0,train
23.864755667367422,10.064141157585105,23123,3,0,0,train
4.490165268509797,17.435068551463516,21976,1,0,0,train
-32.39082916682738,8.511402959862096,24485,4,0,0,train
13.557968634647096,-42.87656712289731,46458,9,0,0,train
9.416434758377815,46.228635961640904,158058,10,0,0,train
-41.7069245366865,50.26175322900046,24657,4,4,4,train
-41.34907031067874,21.442154932485366,23275,3,0,0,train
-46.47812256135805,40.98791751848999,39469,6,4,4,train
-22.688545861525725,43.696450875122395,46870,9,3,3,train
-13.74628675200909,12.98341859912007,24513,4,0,0,train
0.47497928071764406,14.890832198556165,24435,4,0,0,train
-2.310218981027017,40.880425829412616,158101,10,0,0,train
6.01997963366918,-42.10296188705881,21645,1,0,0,train
-32.84206454246983,-46.74498253553432,20153,0,0,0,train
14.436531861553416,24.958084505864164,39344,6,0,0,train
10.96984504352475,-28.210750658915092,21511,1,0,0,train
-5.2609954808842065,20.480651318750255,23143,3,0,0,train
14.135455759434635,24.381448305772697,47011,9,0,0,train
-21.41882775585019,62.51002602334101,20187,0,4,4,train
-25.12804879320884,8.007456649706189,47043,9,0,0,train
-8.299690043875751,15.605208438805974,157801,10,0,0,train
-51.32850396188327,30.958233446712836,46623,9,4,4,train
-17.985092364738797,5.550533332709088,24449,4,0,0,train
-45.03828766822252,-49.31871009973395,42414,8,0,0,train
24.354294734121755,-12.188119804950619,158109,10,0,0,train
-36.269934345133336,-16.541922182136503,42198,8,0,0,train
12.013337632940171,24.465669887229677,156868,10,0,0,train
5.440600248849911,-10.298351386995687,22387,2,0,0,train
29.81212026308923,1.0808597866099472,42288,8,0,0,train
-4.288825539105466,-31.41180831821709,42787,8,0,0,train
-42.09313329918443,-14.732329384478358,40995,7,0,0,train
-30.577992439832663,-23.58446887075296,20668,11,0,0,train
-22.666371955119487,-37.08102807552676,21043,11,0,0,train
-54.467925055314666,21.56413520962518,42662,8,4,4,train
-50.62151261568465,-1.2001808289941143,23511,3,0,0,train
-55.38110206248837,38.12208923109061,40707,7,4,4,train
-12.45498702193767,-22.728380220043803,21651,1,0,0,train
-26.04128778553563,11.424627200006734,48995,9,0,0,train
-35.050848389874815,-45.3001694806203,20998,11,0,0,train
34.38247413121162,-4.468555203653238,21495,1,0,0,train
-14.494934078772967,-24.252173259414224,20013,0,0,0,train
10.917272454653826,-21.765475003344985,21574,1,0,0,train
12.744903874356737,-25.33116339182273,41536,7,0,0,train
-46.621554196635344,40.61359113824936,42192,8,4,4,train
10.194844767699738,7.958787194047158,156741,10,0,0,train
45.739843290196205,7.40250245630836,20580,11,0,0,train
-34.109075088865026,11.503223990999691,25888,4,0,0,train
-32.420712074526804,-29.60485044184605,40399,7,0,0,train
-45.7697579687932,-14.148893374903643,40304,7,0,0,train
-1.3602830550735199,0.16633641872230598,46693,9,0,0,train
13.991966439045875,-11.286046675853006,22285,2,0,0,train
-8.829947730033783,-31.358700873841045,23739,3,0,0,train
-27.093132700240975,-40.432687703143884,39760,6,0,0,train
-40.6102635073559,12.685084901431349,25347,4,4,4,train
9.496181572244488,48.00255856323675,158111,10,0,0,train
18.650969436626482,-10.522194817630707,22746,2,0,0,train
-3.707118882871316,-1.1021986467444123,41833,8,0,0,train
7.496422881676921,38.33726891385507,25615,4,0,0,train
-16.929684961229366,-5.021538645570417,41481,7,0,0,train
7.576463715893777,-19.70174995256671,157619,10,0,0,train
-51.28755367518697,42.54378641641243,39919,6,4,4,train
-9.765478760970462,5.080973633522223,46991,9,0,0,train
-50.598477033333324,30.234477003961373,24675,4,4,4,train
-39.57639834775122,-47.35299269215257,20135,0,0,0,train
-33.88689425125888,-48.68282785866114,41260,7,0,0,train
3.991662297431777,49.19098132141724,157077,10,1,1,train
-32.8024712532992,-8.375863635766175,23737,3,0,0,train
-48.086672213593104,-49.69016241986316,39262,6,0,0,train
17.562455513968093,6.69433452419045,156803,10,0,0,train
-15.470884020692525,-27.720519165353867,21065,11,0,0,train
-30.36348332501351,-16.80852180000852,20027,0,0,0,train
-30.31659241875962,57.43311112443284,40567,7,4,4,train
12.71009879764761,-31.855318681891276,22318,2,0,0,train
-26.07498969850603,-38.187958143759275,40617,7,0,0,train
33.955565304308536,-4.320610604680719,157987,10,0,0,train
-21.518534858971098,-17.664630035199675,47135,9,0,0,train
4.740768527504011,20.44010008435737,22423,2,0,0,train
12.854768985396746,0.5550217062222766,157894,10,0,0,train
5.816741985447001,45.98678237557856,23131,3,1,1,train
-53.69055062175842,21.738151980180945,39631,6,4,4,train
-31.48438702502026,-11.316309261564403,19767,0,0,0,train
27.830124910704573,-15.684476838881979,156858,10,0,0,train
-51.053154008060545,-29.334473127639903,21285,11,0,0,train
18.96211741314706,22.414638155254174,21942,1,0,0,train
-30.28326395757917,-41.53351787692495,39662,6,0,0,train
8.303476739842754,17.709719807860584,157645,10,0,0,train
0.5211098695225793,7.002383370296725,47005,9,0,0,train
-55.22808574742125,15.938901227263155,40791,7,4,4,train
-26.971221108783567,12.527318222397561,24663,4,0,0,train
-42.71987167993406,-40.210519581423895,40651,7,0,0,train
16.68152236853979,-20.563278326963406,46691,9,0,0,train
-1.1280281219657926,29.058901220598962,21782,1,0,0,train
-10.300835065649746,1.6494128307701819,42562,8,0,0,train
26.70003367649299,-7.2871561860932745,23421,3,0,0,train
1.284616483170609,-39.01341285298335,22188,2,0,0,train
24.87715018885444,-1.2950954928925018,40968,7,0,0,train
-43.57786909363725,-41.21290017107445,41240,7,0,0,train
-9.570522801909505,4.8197727097606755,46969,9,0,0,train
11.56495822043409,7.755027324807388,157374,10,0,0,train
-15.916584274796666,-5.814504838355295,23759,3,0,0,train
1.703008444349912,4.64211673532684,23139,3,0,0,train
-0.8891189280952023,0.08400018593211656,23271,3,0,0,train
29.948318281848746,-19.266073948921466,157299,10,0,0,train
-44.04652398665793,48.56863507674137,39711,6,4,4,train
-35.30386231828817,-51.35535513059841,42522,8,0,0,train
-47.54487655421221,23.764429561381693,24649,4,0,0,train
14.343985641350937,27.36302867022144,157696,10,0,0,train
-9.6378818831261,12.386411639712973,23367,3,0,0,train
-44.31158007645281,-61.299224259119185,21623,1,0,0,train
-51.123745121206014,16.499615004478127,22526,2,0,0,train
-22.81539845266593,43.58928419433593,49013,9,3,3,train
-52.739682684838755,-27.708534140271347,24479,4,0,0,train
17.194678646159378,13.847909918002884,40793,7,0,0,train
-31.60535926192481,8.190273783191321,25970,4,0,0,train
-16.51062192296769,29.043029109139074,23065,3,0,0,train
-40.083101502868075,9.035421529622324,24590,4,0,0,train
-33.68180075958308,14.228079597761761,21393,1,0,0,train
-29.401770600135784,1.5674945557041418,22675,2,0,0,train
14.523057561211857,-45.69960890851655,156876,10,0,0,train
61.648350122894584,-7.744847934099257,26263,4,0,0,train
61.92307609248856,-9.67619664769864,25487,4,2,2,train
-15.581750221512614,27.770298086189257,25331,4,0,0,train
5.730855841605273,43.455960174362076,22301,2,1,1,train
-46.0640091785541,-13.56897989559792,40391,7,0,0,train
-23.927419155842138,-13.106701496661701,25011,4,0,0,train
-16.097599275432973,24.19182562693088,26132,4,0,0,train
-28.65058559527795,24.379970942934683,47279,9,1,1,train
-22.947183422398478,-30.606781545589133,23579,3,0,0,train
-36.48632355292768,-24.192410784347892,26064,4,0,0,train
61.51909287301483,-4.854619142046749,21960,1,2,2,train
-0.1209304040932988,6.848463722763548,157791,10,0,0,train
-32.88327840844906,15.669496970368634,25507,4,0,0,train
-58.72454473087082,14.121496005795775,22216,2,0,0,train
-18.966653455562778,22.731778368611455,23305,3,0,0,train
-11.332855554022967,21.715510058316077,40565,7,0,0,train
-57.046999530703104,39.74933304219746,40873,7,4,4,train
-16.108306261495834,41.33016063201514,23223,3,3,3,train
37.63808122078268,7.423188459173902,23113,3,0,0,train
-23.51843796518761,-26.967024848389826,23691,3,0,0,train
-30.341443010149618,5.427848772186637,47100,9,0,0,train
-50.82576932507189,-5.089160518832505,25114,4,0,0,train
-29.01277741573519,-6.927955712653741,40987,7,0,0,train
-36.13411955994521,14.573336912636627,26186,4,0,0,train
-7.6360108490883345,10.946867990528391,42046,8,0,0,train
10.470555583787785,36.37001283238402,157465,10,0,0,train
14.194098600799155,28.280765821492334,156783,10,0,0,train
-43.346154233552554,-0.33304670525465396,46579,9,0,0,train
31.791460396726624,18.010910842736045,21665,1,0,0,train
-2.323201198830869,20.57393525099371,157194,10,0,0,train
-46.417114810734404,33.172555942713785,25906,4,4,4,train
9.781420087196725,3.3072937527727753,23261,3,0,0,train
17.629212291656856,4.503332710670825,42111,8,0,0,train
3.60282821727478,35.051656328512124,20534,11,0,0,train
16.37305583702604,3.4134771258166348,156892,10,0,0,train
-22.75694621022099,61.67634222740364,39583,6,4,4,train
3.0900834874213636,-33.860420488857585,156763,10,0,0,train
19.37815418476426,22.678863117502342,39094,6,0,0,train
-2.1944304656040616,-48.77304694378691,42907,8,0,0,train
8.244809212271814,7.46293294579684,158163,10,0,0,train
-46.720777178441296,-12.773250929218255,46792,9,0,0,train
-49.000488763472106,38.160729578546565,46442,9,4,4,train
13.198526091038108,-9.999864608308155,157815,10,0,0,train
-26.701863119351703,5.5733393197010965,24592,4,0,0,train
-29.78973438423787,7.083524444815169,25678,4,0,0,train
-35.93955962897551,-22.560891091734252,40455,7,0,0,train
9.574474423415428,37.888835919270065,23741,3,0,0,train
-53.50337774002709,25.675719705740505,46501,9,4,4,train
-44.772880078545455,5.160369646822151,40926,7,0,0,train
10.602787658048864,-18.20717494462785,21059,11,0,0,train
-47.336352689500515,-31.114703393799047,23211,3,0,0,train
50.21832792989987,25.4228987534811,42606,8,2,2,train
24.688188885680287,26.50717039466427,156971,10,0,0,train
24.6134922457104,15.904682817764602,21717,1,0,0,train
4.117650753647853,46.14302702566458,23495,3,1,1,train
-12.826578875953746,-5.431717281852597,21439,1,0,0,train
11.228811538017503,-10.177576119934715,40993,7,0,0,train
8.38934021010709,38.57441958589928,157661,10,0,0,train
-44.80062602947558,-55.388782756603845,24403,4,0,0,train
-35.764890162434334,-50.647176287268195,42889,8,0,0,train
-31.826590384941582,-12.829188663874534,39613,6,0,0,train
15.631811006826293,6.687427194703485,157651,10,0,0,train
45.43182273422474,7.034811411889554,21204,11,0,0,train
-47.2023499181268,30.163364222007033,46872,9,4,4,train
30.463861625958675,3.4422966830996193,19797,0,0,0,train
8.23258261107647,38.87902075538544,157471,10,1,1,train
-14.083931366642506,30.843834605489306,26060,4,0,0,train
-33.34758915639687,-7.812023344855841,41125,7,0,0,train
3.3322698124778327,-20.922700252435007,39422,6,0,0,train
-52.69481279579753,9.16322370275088,20007,0,0,0,train
61.33954701993878,-1.726213097694935,25527,4,2,2,train
-10.478753016901814,-34.95592309133356,39947,6,0,0,train
2.3550449163275093,44.415285375026016,46456,9,1,1,train
15.884392001117348,-9.210220229939706,22603,2,0,0,train
57.40871179661838,18.878063259022543,42771,8,2,2,train
-45.00864015991192,1.5711013148089341,40745,7,0,0,train
51.43025014080136,25.725784310790687,42196,8,2,2,train
23.91511461636112,-16.59080088511942,21517,1,0,0,train
-45.09161404831913,-47.33396685107566,42351,8,0,0,train
15.814964952003848,30.26756053818763,157692,10,0,0,train
-47.08839460934108,51.7591495320583,42843,8,4,4,train
-6.823645038211129,-14.806429803162747,40999,7,0,0,train
0.1052575839692409,2.938127572778184,22859,3,0,0,train
8.518092460509163,37.847707697397496,157585,10,1,1,train
-21.006263581629273,62.396152808489305,39695,6,4,4,train
18.99937269450977,21.78422052070312,20907,11,0,0,train
9.097028772852703,31.439847576680368,22623,2,0,0,train
7.1732125135523255,16.97885310920543,40685,7,0,0,train
-18.787718682255182,23.733335902030884,41489,7,0,0,train
-31.004400133496105,-14.520114719707616,19983,0,0,0,train
-2.490827331586144,-5.674685247369972,23201,3,0,0,train
-30.14869753038157,21.635080203480477,46767,9,0,0,train
-9.258166008755111,-38.888745817469456,20532,11,0,0,train
-32.80557500860289,-48.40453302383156,42540,8,0,0,train
2.3816895647010803,29.542551549011765,157208,10,0,0,train
-6.170483359031794,12.2909682778461,40543,7,0,0,train
-10.960909692939847,-19.77078041055842,22536,2,0,0,train
38.422093685861114,-3.3968530511395176,22436,2,0,0,train
20.228887400259737,-17.295205574833705,157340,10,0,0,train
-36.27934009477676,-52.73337740286898,39652,6,0,0,train
61.648309017828836,-11.029805589382745,26110,4,2,2,train
-54.2786627928991,31.812476511446587,39100,6,0,0,train
-25.868469072546034,-4.037626783178494,46830,9,0,0,train
-43.294273867543126,-59.191739904234595,25027,4,0,0,train
-46.28570303441265,22.45857276784868,23209,3,4,4,train
10.715708695541714,-46.15133917060244,41556,7,0,0,train
45.63004096105614,7.092000343254136,20641,11,0,0,train
36.86193314783927,6.609921752137742,23673,3,0,0,train
-48.154463098323404,39.30960219518576,46485,9,4,4,train
34.58330199689928,-2.880576951382104,158072,10,0,0,train
-48.1452805925357,4.216017524769903,22102,1,0,0,train
31.10150298247699,-6.157830320206179,158153,10,0,0,train
-49.76420158189981,-20.658721432560945,40611,7,0,0,train
-13.686915433523676,-48.467437150466395,41461,7,0,0,train
6.682659738672591,20.36793284487693,40336,7,0,0,train
-47.42389048331985,13.99634051338024,25573,4,0,0,train
35.7519573220637,-5.455041193671493,20931,11,0,0,train
-38.80565040550616,-28.29185114692683,23695,3,0,0,train
-25.572510809463196,-6.310000607788939,21633,1,0,0,train
-12.47689627570335,-4.556860284157224,22716,2,0,0,train
-39.06755776844284,-37.68754357195901,40645,7,0,0,train
-43.98908210136182,51.77918706267147,46605,9,4,4,train
-3.4986848581632017,-5.999452348881404,21911,1,0,0,train
-3.0661453650062853,2.933060277975108,41925,8,0,0,train
-29.426406131558725,-25.038001785356105,19885,0,0,0,train
37.64160478499734,10.887833152498127,21345,1,0,0,train
5.783137658256258,32.91039094128925,47252,9,1,0,train
-57.93916088122329,4.543826974271058,20263,0,4,4,train
-19.13644027138774,14.804642885174166,46434,9,0,0,train
-35.24734719615461,53.69633195416658,46460,9,4,4,train
5.635875994463657,-26.008131675042634,41724,7,0,0,train
-41.81540484824481,40.99101993974442,25211,4,4,4,train
-25.404940456083864,-6.410149038085056,21437,1,0,0,train
30.475188750225573,10.941142957400203,156751,10,0,0,train
-45.05764487981783,-56.73290213810914,26261,4,0,0,train
-24.18561810881846,1.2134278435787522,21758,1,0,0,train
-53.07154357590633,13.586016293725342,46503,9,0,0,train
-29.69157167494481,-4.684178623337956,48989,9,0,0,train
-36.46664382745871,-47.369231748509264,20107,0,0,0,train
-15.567744627662227,27.46618659204394,25634,4,0,0,train
42.54769434927225,6.546062492787081,19879,0,0,0,train
-14.892634921416875,-50.17123280453025,21035,11,0,0,train
6.47063599338809,32.59202667411114,23457,3,0,0,train
19.050181301110953,19.15540040714698,157738,10,0,0,train
-17.46591983661934,33.44616347374705,25327,4,0,0,train
-12.629973051422118,22.380246193106142,47094,9,0,0,train
-58.54244288385745,29.91003737199919,42182,8,4,4,train
-15.18813936154542,-21.32234179557567,19915,0,0,0,train
-29.94596546378641,-42.661375802718084,39503,6,0,0,train
-0.47206233571136735,-6.5839639408484265,21156,11,0,0,train
-2.648168605569648,34.0657631593552,46997,9,0,0,train
-25.127477111093356,44.27301087109892,25597,4,3,3,train
-38.16114304574148,-53.84327672196851,20777,11,0,0,train
-2.3598467427817376,-0.9851005137767903,46658,9,0,0,train
-4.383986398228736,-29.411007879525176,40683,7,0,0,train
-17.720318000633096,-34.81605671576882,21675,1,0,0,train
-20.857407797910636,-22.277727310655273,20582,11,0,0,train
-59.736441695869246,21.141011442767578,20261,0,4,4,train
-3.3274732407946823,-45.06004113596144,21455,1,0,0,train
-35.87804936586862,56.83405966460029,42408,8,4,4,train
-39.26540986602136,-8.162393520527456,25800,4,0,0,train
-41.22131480146864,21.41228991094727,23263,3,0,0,train
-54.674288969015066,-26.24012854572775,20550,11,0,0,train
-48.889536683825284,-42.969213825881596,24477,4,0,0,train
-51.54313776630346,2.427443725511113,22895,3,4,4,train
-7.951321206170234,-25.03552329138657,41305,7,0,0,train
-34.22770867353252,-22.652320101903037,19854,0,0,0,train
15.480134538289725,-7.5543769855725245,22593,2,0,0,train
7.168104554246401,-5.063218070936343,41641,7,0,0,train
2.4198606853001223,-11.038739669498336,40363,7,0,0,train
-7.531118663946552,18.087886022308,22399,2,0,0,train
-23.64145821931254,-28.390623016619045,46420,9,0,0,train
-9.756901185882752,5.069004100229945,46959,9,0,0,train
-26.369536833597806,-4.58161165322839,22655,2,0,0,train
-12.940428062491993,7.0318344170202645,40769,7,0,0,train
32.534536141074824,-9.663052565384234,47064,9,0,0,train
13.183472455304447,-26.03899611641713,20631,11,0,0,train
-31.321138072859956,11.994585195440633,40889,7,0,0,train
3.991765054974735,23.045788079778053,47013,9,0,0,train
18.609027799312027,-7.60339093949128,21176,11,0,0,train
-50.533708908454116,41.49864460184412,23515,3,4,4,train
-9.1613771778793,4.498110570687543,39221,6,0,0,train
15.03067967064727,-19.025209842775105,21351,1,0,0,train
-45.945522303473425,-6.502695554899949,39375,6,0,0,train
-36.4179850440656,-45.178725846309064,19787,0,0,0,train
-32.47509587700159,-48.08259917225516,19973,0,0,0,train
-48.47946262640261,29.94223554876778,21405,1,4,4,train
35.09712600727626,18.21919385912562,46961,9,0,0,train
18.012160063971482,14.13185687265989,23231,3,0,0,train
13.337566215952588,-17.509598382412115,21850,1,0,0,train
17.88918727763295,24.85896934195215,157079,10,0,0,train
-37.21663407617202,13.156118404781289,20057,0,0,0,train
10.89484996364314,-46.33883976988383,157570,10,0,0,train
10.360779974866112,18.334929913969837,40799,7,0,0,train
-42.83125765420036,51.13180827026804,46935,9,4,4,train
-17.134125807130197,22.43046164773791,22589,2,0,0,train
1.40205156316558,-37.19906246643471,21057,11,0,0,train
51.97836909061641,26.865288161433316,42580,8,2,2,train
13.992521917172226,-27.778295339575706,42502,8,0,0,train
-13.220122269898212,-16.12581152810739,20623,11,0,0,train
-45.390307426981735,-0.5579786932550435,40306,7,0,0,train
31.27656680745979,-7.4458204026569845,41278,7,0,0,train
8.827532837304553,31.82398245820907,156977,10,0,0,train
-25.058006386769556,-26.99832521323907,46634,9,0,0,train
14.125011879960272,3.815341041377649,157765,10,0,0,train
6.234123102255737,44.90729960082665,23621,3,1,1,train
24.540468446376753,-10.137088201303538,19858,0,0,0,train
-47.251665360643116,0.07225637202870283,42592,8,0,0,train
-6.412601405566026,-50.44532608438932,24529,4,0,0,train
-2.9278403004613462,2.7053259456428442,23221,3,0,0,train
-56.733539242532075,40.84868306256425,41704,7,4,4,train
-9.419032431018556,11.036407131115674,22738,2,0,0,train
24.367354648627373,7.997124362488842,20643,11,0,0,train
-12.653591166386036,29.695381720112064,25379,4,0,0,train
-39.85928157797039,-52.235053536452,20113,0,0,0,train
-45.17387331692255,-54.939918685450536,20789,11,0,0,train
-2.804533023022188,-13.749522782579769,23007,3,0,0,train
-19.34012751965229,-24.189636952917432,23629,3,0,0,train
-22.24771522673319,-1.5210970286004457,40767,7,0,0,train
4.692124317847416,13.68444377190085,42325,8,0,0,train
45.83838709330449,6.969391400644579,25061,4,0,0,train
-2.5770375419960256,-20.35127620552805,41079,7,0,0,train
-11.95585674322051,31.503603233917676,25043,4,0,0,train
-1.5443315207718147,-47.2778323156065,20846,11,0,0,train
-14.021555202179087,-20.886193916555552,22350,2,0,0,train
-27.124144676119943,22.581047152287287,46646,9,0,0,train
10.947312325527584,-10.629896474085017,22474,2,0,0,train
-10.869415395118091,-49.71325124717289,40597,7,0,0,train
56.35750772972909,23.781949613480993,42317,8,2,2,train
-11.6300093070016,-11.579671902977987,46939,9,0,0,train
-7.224254556476563,44.03080143930055,23771,3,1,1,train
-17.12344871511874,-13.758361879881768,24981,4,0,0,train
8.55463751368103,37.55507985415046,46773,9,0,0,train
9.979265821358325,2.2598192492518816,21877,1,0,0,train
-28.798500391927085,-52.264674670791806,42123,8,0,0,train
-26.179916277732236,-17.30484546315673,41087,7,0,0,train
-34.86663916965585,5.099498952599547,39223,6,0,0,train
0.1980865036281152,29.032415583700043,157155,10,0,0,train
-51.75121711923113,1.4987954276937834,42331,8,0,0,train
-43.71859012677173,42.03690907796262,25437,4,4,4,train
-40.19957549471168,-3.8131056458135824,39537,6,0,0,train
17.970299081789847,0.42766174674285695,40507,7,0,0,train
-42.78164643300845,-20.57183701200187,41694,7,0,0,train
32.039268357506856,7.50855015698642,156817,10,0,0,train
19.186732301231356,18.995910267448505,157908,10,0,0,train
39.401573331579,9.35999732768971,23297,3,0,0,train
-20.39154146928265,44.30920616969665,25814,4,3,3,train
22.171116283711147,-12.798511122012725,23557,3,0,0,train
1.376494710011949,-24.98258701843537,40621,7,0,0,train
-27.580290250637024,0.4886768845821241,22657,2,0,0,train
42.21304799058686,0.81470951461338,21071,11,0,0,train
-47.53142570009811,-6.753892327866833,26170,4,0,0,train
-18.421444321157924,40.551114511854095,26056,4,3,3,train
0.08052240948279099,25.06234816208233,40853,7,0,0,train
-20.761737952920654,38.963932005068614,25435,4,3,3,train
-38.06210596710939,-16.441422714549624,42076,8,0,0,train
-22.18488915299387,31.94898621847995,25483,4,0,0,train
-0.461253423526804,30.882913884212048,157963,10,0,0,train
8.326188253505507,15.910478173352779,40324,7,0,0,train
-28.023563815155896,-0.7821413030182174,26074,4,0,0,train
16.09077331709072,-18.81881628837537,20884,11,0,0,train
-6.959251181193659,27.575573190057302,21389,1,0,0,train
13.778650930563785,4.731011309460792,157811,10,0,0,train
-33.74725601908063,-9.564222551747527,41107,7,0,0,train
-59.09009325195561,37.9965124277484,39748,6,4,4,train
3.8107631839212726,13.85909090806643,22929,3,0,0,train
-55.51348438199483,24.076646541754027,21150,11,4,4,train
-2.632179911407218,-10.62698865498961,41151,7,0,0,train
9.3491359935141,-13.873810206484439,21489,1,0,0,train
-18.442321085948553,24.709465912478628,46941,9,0,0,train
-13.450238772804386,5.636722040466489,40689,7,0,0,train
27.88498676614613,-6.1622829028955834,23133,3,0,0,train
-40.05956703532482,-54.71548361404513,24491,4,0,0,train
-28.318298561228453,23.663706193681136,46479,9,1,0,train
-45.008309682957574,-54.5416853531396,42159,8,0,0,train
-38.98014499211756,-23.392003933184487,41059,7,0,0,train
-21.70060328855292,34.392569777052884,25721,4,0,0,train
-21.832797808009715,43.46864246872423,25361,4,3,3,train
6.860282210421762,36.77032626070523,20805,11,0,0,train
-30.301015579974443,-11.978683543935482,42200,8,0,0,train
-13.909333728461293,17.337542758862693,46715,9,0,0,train
-58.35125424755468,39.22938246753857,19753,0,4,4,train
-26.918857803193198,-42.51139350050663,42903,8,0,0,train
3.414804742071805,38.05186353162229,20089,0,0,0,train
-12.15458649700184,12.239995707583956,42706,8,0,0,train
-25.40178896145609,60.561550986806324,39571,6,4,4,train
45.39241612005614,10.933628577315195,20585,11,2,2,train
-15.83790135938348,8.929266549619559,23067,3,0,0,train
-17.12005954981084,-9.122639846396268,23105,3,0,0,train
2.4044582875407574,2.9162479576522413,25765,4,0,0,train
-34.281615896175694,19.547442051616187,21800,1,0,0,train
-12.839461208109935,19.087615386624737,47153,9,0,0,train
31.698403042614718,-30.61579589363499,157056,10,0,0,train
-14.728829616431348,-32.08604093968688,21873,1,0,0,train
29.52024825538579,11.362050092857379,24681,4,0,0,train
25.312427696647543,-20.79139675532794,20915,11,0,0,train
60.91685041862614,-3.7468029221041914,21367,1,2,2,train
-42.27181715581332,8.548612084192005,40631,7,0,0,train
2.2512214491369367,10.25622587051817,23355,3,0,0,train
16.107449169496828,21.64885712685243,156955,10,0,0,train
61.76107247856132,-11.486777548438747,26092,4,2,2,train
-35.49124346861889,-53.90203358484405,42899,8,0,0,train
-30.96582772190098,-10.813347293929526,42590,8,0,0,train
-1.9536700528855189,-26.356222119768073,20923,11,0,0,train
5.306712466200187,-21.665219470329355,39467,6,0,0,train
-8.328338632530139,-0.7665769066961255,22548,2,0,0,train
3.309271025836857,-30.945327561626268,156864,10,0,0,train
-22.385115216106186,32.49279184731037,25329,4,0,0,train
61.52040386698697,-6.50197076030615,22104,1,2,2,train
-47.740570121790796,-30.96449324750844,23315,3,0,0,train
-4.48473900110403,20.774072248613948,24509,4,0,0,train
21.325697634363884,-19.989346222347475,40431,7,0,0,train
11.478015191650602,-7.405649320597384,42436,8,0,0,train
-3.5565669600261502,-14.933355186242132,41590,7,0,0,train
-45.01677506422455,-41.510925014067425,41465,7,0,0,train
-45.32174572418501,18.443019292932004,46450,9,0,0,train
18.215698054632625,12.69413051543379,22925,3,0,0,train
37.755883455065174,16.810790008620966,23237,3,0,0,train
-19.137372619899608,26.445410262018314,19818,0,0,0,train
19.09903958107392,-19.976481724057003,22573,2,0,0,train
-2.3706827728035993,12.148753575271536,21836,1,0,0,train
-30.74239178279848,0.9319108702356171,41880,8,0,0,train
-37.0554013472312,-3.074385312502201,19836,0,0,0,train
38.77841360837783,4.795181372140391,22774,2,0,0,train
-11.681842924256358,-0.9250252202845483,22540,2,0,0,train
3.143292057072724,-46.50524793520103,46713,9,0,0,train
-12.62105148441902,12.872704442226386,22591,2,0,0,train
16.04422422736622,-7.147048402296986,23749,3,0,0,train
-43.90069953468999,-51.33583952201248,39188,6,0,0,train
-41.28106483289505,-28.565743591050406,39342,6,0,0,train
25.98462795698249,-5.330649202952355,23491,3,0,0,train
-45.747290913844566,-53.06751037683976,26192,4,0,0,train
-50.31655878411931,-32.660494174623494,24764,4,0,0,train
16.16883632880994,-18.870552444767497,20870,11,0,0,train
-10.91925728908263,-15.524903477603802,22271,2,0,0,train
-54.353547841305584,24.496626199419122,40871,7,4,4,train
-3.500957667484853,12.730744194254873,20099,0,0,0,train
-8.332869280483923,-49.12598658861276,21311,11,0,0,train
-28.561490033525008,59.65644090714845,39865,6,4,4,train
-35.19828041390056,16.19332630435356,25960,4,0,0,train
-35.947844429230074,-53.176930167335286,42534,8,0,0,train
-3.524361045453947,-14.667688474690488,25994,4,0,0,train
6.580481667930375,16.79907202933862,40673,7,0,0,train
37.7138146532982,6.03875106561507,21899,1,0,0,train
17.111288936252006,8.114632179896349,157991,10,0,0,train
21.140825591215993,-20.976370675776483,22214,2,0,0,train
-32.92445220032077,-47.828326392919124,25148,4,0,0,train
-45.21102011483768,51.007283704456654,49015,9,4,4,train
-2.620324633788898,6.32133466386859,47160,9,0,0,train
18.680599555441017,-27.78012379968318,20676,11,0,0,train
-45.030864732491324,-32.01589823505684,41633,7,0,0,train
-7.2858673190214205,6.216552852773071,21719,1,0,0,train
-1.3191909076679522,-36.25194841100321,157510,10,0,0,train
-8.26010801607276,-23.46039042585628,20045,0,0,0,train
11.840545690811801,-7.802142854731908,22314,2,0,0,train
-37.63729765833436,-37.24147674082968,41295,7,0,0,train
61.79192751293016,-9.989475191665074,25257,4,2,2,train
-39.056338524744035,54.81186829295683,46613,9,4,4,train
-31.50634867294946,-29.85348304520497,41599,7,0,0,train
-28.185654253145497,-4.875370832775152,41003,7,0,0,train
-56.29071210532054,22.791584430203162,41886,8,4,4,train
-30.59741141422614,9.64424819951653,23029,3,0,0,train
40.06754813993818,4.8898899106501315,24899,4,0,0,train
-18.42525977212022,16.338444492613252,26138,4,0,0,train
-29.200547044173288,-51.19366883400255,42937,8,0,0,train
20.560389189422708,-35.35205999225538,47123,9,0,0,train
3.8832471001568063,-32.08461859880637,21548,1,0,0,train
-41.12214763269324,12.32518934783427,25189,4,0,0,train
-39.700315937393796,-8.915928917684196,25798,4,0,0,train
-34.45265373872834,2.843144919337858,39481,6,0,0,train
31.305450392307453,-7.997943882100537,22770,2,0,0,train
-40.34412859040313,-63.05518726688183,24943,4,0,0,train
31.79628407482249,-6.668961245449881,21377,1,0,0,train
-53.11179176947469,39.742099776991196,46751,9,4,4,train
-2.3089000380241886,-48.00281215529549,39801,6,0,0,train
-4.912984919532481,-12.348269565688685,21144,11,0,0,train
-19.03603617670038,17.047368588153688,21695,1,0,0,train
-11.779704948293293,21.44635055062334,25996,4,0,0,train
4.906197879949451,-21.905276025024417,39174,6,0,0,train
-28.33546632053955,-0.5407283333720736,41355,7,0,0,train
-51.05253921415866,-29.17902183629395,20725,11,0,0,train
50.404756118607835,26.711763637355542,41829,8,2,2,train
-42.83567679642569,-21.387056902318317,41615,7,0,0,train
-30.742213083905277,-26.333927719562524,41955,8,0,0,train
-37.96540876249473,-20.37885263064741,40583,7,0,0,train
1.1536936771315371,-15.793559038005327,21932,1,0,0,train
29.66148339902649,0.524267114418222,21885,1,0,0,train
-53.81939374056667,39.97884316179288,39428,6,4,4,train
12.947307028983719,-4.215016759522162,157473,10,0,0,train
-16.74837442100997,13.741871239467299,23267,3,0,0,train
28.247759569277886,-11.582588732835507,39764,6,0,0,train
-13.319359421124194,18.76792133535008,24844,4,0,0,train
8.720397619944158,14.250503495713174,40715,7,0,0,train
-28.570341294931477,9.962459999809907,41366,7,0,0,train
17.937850354991983,5.078070936937847,157068,10,0,0,train
-9.867333830452248,-43.93708216599134,21556,1,0,0,train
-21.289271814316834,36.89985935389319,25281,4,3,3,train
-45.29230835469028,-50.438288937378076,42875,8,0,0,train
-0.01036506406184401,-8.663127986330515,41301,7,0,0,train
-33.809541975824715,-22.72059389033636,19873,0,0,0,train
14.228647770532678,-7.394716103947304,22903,3,0,0,train
-47.915529812275594,35.8805973433785,24814,4,4,4,train
-12.019172271411058,-22.85918460724106,42831,8,0,0,train
-26.57074332452071,31.41012847998392,20219,0,0,0,train
32.97867749541258,5.041544718932841,40286,7,0,0,train
-34.32064513354126,-7.5977971631783,39983,6,0,0,train
-56.43819952821201,42.29275938933792,19933,0,4,4,train
-1.025577422030434,32.3711948354119,22613,2,0,0,train
-20.855176319520687,-41.229721234005396,22092,1,0,0,train
-21.136494904031522,-2.005240552158172,46557,9,0,0,train
58.1328253689999,19.211543289579293,41996,8,2,2,train
5.381354458795615,-26.484299840248354,22017,1,0,0,train
25.413716043335402,23.355061605464975,157143,10,0,0,train
6.253440059857944,49.49850617660039,157463,10,1,1,train
10.979140094195735,-22.98481585903208,20888,11,0,0,train
-3.794446574965635,0.2652789604580593,47019,9,0,0,train
-14.759095900435376,-20.71693154711605,41311,7,0,0,train
-28.02070971013972,58.37832576162104,46541,9,4,4,train
27.06376066291853,10.022049329467546,24842,4,0,0,train
-34.7917521215535,11.175281467322321,42170,8,0,0,train
34.355751224739194,-2.669806932212926,158068,10,0,0,train
45.46229306738201,12.04402339534619,22009,1,0,0,train
26.964395134123397,9.835903261974778,42284,8,0,0,train
-43.695241492451515,-51.70442215881155,25727,4,0,0,train
-26.734522343451385,11.824207390080145,24746,4,0,0,train
-15.714213669127579,24.853131566988836,26214,4,0,0,train
6.146188383462238,16.842380507957785,40695,7,0,0,train
-24.377132942915928,-27.192906065058093,42392,8,0,0,train
-4.060867014059655,4.6904631760264195,39241,6,0,0,train
-20.51066971468198,37.08664670356056,25187,4,0,0,train
14.230892818559216,0.9853029495629604,157835,10,0,0,train
-38.87127797946748,5.910767336640155,23149,3,0,0,train
-2.6469315911801656,28.414255973064375,24596,4,0,0,train
29.87219664155808,2.3214047636380615,22995,3,0,0,train
11.85594670487109,-13.661811225296821,39398,6,0,0,train
-44.80192047108436,-54.52123166937355,42542,8,0,0,train
33.83022564491735,-12.973070002776318,157582,10,0,0,train
-36.796781307935504,-45.90368461949488,21010,11,0,0,train
36.84670327450371,0.593016255993041,41597,7,0,0,train
-2.0270016511994893,12.616329301103635,24963,4,0,0,train
-23.59747013003181,-40.19710822846946,42933,8,0,0,train
-10.13299057414877,-26.078446420222274,21856,1,0,0,train
-9.28263049063047,-49.402771676592124,20759,11,0,0,train
-41.01337074497181,-62.473406727587076,23727,3,0,0,train
-35.956871976050635,-23.37021282184088,39975,6,0,0,train
-21.32141049584363,-17.688534433951858,19864,0,0,0,train
-6.849381629298824,18.59950454236982,25041,4,0,0,train
12.612535142754446,-13.705819546663706,21970,1,0,0,train
22.493636920168637,-0.7864612933108768,22486,2,0,0,train
-8.23988441157179,2.2383322017706386,40623,7,0,0,train
-0.7432314978458869,-1.3779198692095331,26146,4,0,0,train
18.894810319019875,-41.623456630324114,39114,6,0,0,train
-33.06164910843067,14.591081044978086,42212,8,0,0,train
20.312577515234025,-5.2852673772443355,22621,2,0,0,train
14.701647441613918,2.140296865747445,157275,10,0,0,train
-13.303545573068483,-6.273720750179468,41447,7,0,0,train
-23.473647750978024,41.82781621579207,25747,4,3,3,train
-17.07405053721566,-43.62203634088142,21999,1,0,0,train
4.837847982116223,49.7986489509408,157417,10,1,1,train
36.10976240231639,-6.311570934266703,22772,2,0,0,train
-51.1987137106986,-5.1453074124063685,26148,4,0,0,train
-6.737800767821071,-21.095975853719903,39521,6,0,0,train
-49.45261320067793,14.495652015895471,23383,3,0,0,train
37.92355080096988,-9.993734390566685,20163,0,0,0,train
-5.307852190075583,-25.878669624399766,41661,7,0,0,train
-12.67051098299637,-23.48200402550208,20674,11,0,0,train
14.677217244980849,-13.204009835662236,21108,11,0,0,train
8.84980969047816,19.501551608779703,21242,11,0,0,train
-13.133740082499727,-1.2090586466438995,22720,2,0,0,train
-46.16705796976079,48.8489687799692,41113,7,4,4,train
-46.613336550846384,21.561346768973184,24792,4,0,0,train
31.37827953779472,18.06194172988698,21459,1,0,0,train
-34.92311814905543,56.383170934414835,41426,7,4,4,train
-8.663856083621855,-49.57153206800611,19913,0,0,0,train
5.426557882104344,37.36787097558003,47174,9,0,0,train
4.790317571078727,-10.138184910755353,20947,11,0,0,train
-28.569830931591703,-6.829774297066127,20029,0,0,0,train
20.396238985040927,-16.921645458147257,20960,11,0,0,train
-4.398936346358625,40.30727211153895,157846,10,0,0,train
-33.4145428426996,-9.011874064734279,42464,8,0,0,train
-44.264590578474895,51.04945186282558,42378,8,4,4,train
-45.74992451766212,-42.22316969334753,20911,11,0,0,train
16.74210974764284,-16.756743470276543,157967,10,0,0,train
-35.229508054605425,-2.6230556551312256,23093,3,0,0,train
-14.382476037892616,31.185745447090028,25749,4,0,0,train
11.410425163714432,40.26889724098642,156905,10,1,1,train
-45.72536550327831,-17.705344342948855,41670,7,0,0,train
32.52495544335747,-8.623343675415436,41659,7,0,0,train
4.463444515392911,-20.103053638851016,39717,6,0,0,train
15.05457737600144,27.533605790032937,156787,10,0,0,train
-43.541626821261715,-48.36440713348671,25124,4,0,0,train
-4.532460881700492,-37.50894179078357,40697,7,0,0,train
-1.5454976208167466,5.408095622948185,22366,2,0,0,train
-37.354775121037996,-53.98679738848115,157105,10,0,0,train
-6.600742019196595,-33.16093480063243,22403,2,0,0,train
0.23141450273052122,-31.93237834377084,47149,9,0,0,train
31.06977273574459,-30.723732518850653,157060,10,0,0,train
-9.70437060695339,-2.3053615789524162,20253,0,0,0,train
-23.688326790848038,61.210479322536514,39549,6,4,4,train
-22.04280072431801,33.344647318767485,25497,4,0,0,train
-30.81907767456215,0.7006074535140747,40627,7,0,0,train
8.9885411085309,31.417433048386183,46674,9,0,0,train
5.7779436468281276,35.12915814779997,40312,7,0,0,train
-43.307219697652144,-23.074178071551565,22639,2,0,0,train
11.612931084553605,18.59571716598283,157216,10,0,0,train
13.260584303561824,44.66114699036169,157099,10,1,1,train
-23.52287626905339,61.198495556847575,39853,6,4,4,train
29.490981915355388,-2.3803992218257046,156943,10,0,0,train
-30.75103395693514,5.935924404271966,42266,8,0,0,train
-14.204900353165428,30.188608724453264,39318,6,0,0,train
28.995370755126164,-30.661606741474223,156951,10,0,0,train
-9.092506349919473,-20.27300845441396,42434,8,0,0,train
23.091589489604164,-30.31413379526442,157032,10,0,0,train
-38.65713731089217,-52.79165982018864,47090,9,0,0,train
-9.544347799969193,11.274794539098796,23323,3,0,0,train
35.20000051675872,15.881583723295517,157166,10,0,0,train
37.382301264969584,16.557524558941314,22973,3,0,0,train
5.282154281133437,-30.192413391827337,157269,10,0,0,train
-43.69133142535448,50.65807809144654,19822,0,4,4,train
-21.0955188993902,30.996069408166658,25882,4,0,0,train
30.04838919994268,11.592580990528996,23539,3,0,0,train
-34.770405412866594,13.265228116408853,25630,4,0,0,train
-30.278911158180033,8.548064729216986,23085,3,0,0,train
-29.302463550790478,-13.65870873730187,20141,0,0,0,train
-39.11085530550298,52.98515073952197,42736,8,4,4,train
28.754051288806,-32.78409627030891,157024,10,0,0,train
-3.452873254052335,-36.18193923164421,41621,7,0,0,train
-55.38074175424852,-0.7164962087640142,40962,7,0,0,train
15.572519212742762,-6.547171512155521,22605,2,0,0,train
-49.724121046595926,2.973590750708046,46505,9,0,0,train
-3.0916784942125286,-29.294220161954787,20882,11,0,0,train
-3.293567049521096,-22.65168249711153,40717,7,0,0,train
-2.6170355895469104,20.318589270255533,25998,4,0,0,train
-17.387154877689017,-8.745574886797453,22965,3,0,0,train
-30.953438942653964,11.601034166117179,19840,0,0,0,train
-18.2281578159563,23.669198941606833,46523,9,0,0,train
-15.935695763977701,-5.974324810789784,21409,1,0,0,train
-55.29998182993981,37.24148228741504,24808,4,4,4,train
-45.016788063681986,42.08559928152418,41402,7,4,4,train
51.87319474649077,27.744825239989996,42600,8,2,2,train
42.66604420414711,0.6806956702686937,23551,3,0,0,train
-58.54000474413347,38.09663361712779,21016,11,4,4,train
-39.166464113816915,-26.379488223687773,42759,8,0,0,train
54.486848594391816,24.85941386877231,42865,8,2,2,train
2.5556803725552157,1.0330918965002014,41588,7,0,0,train
-22.342516402627083,32.11273022206272,25407,4,0,0,train
-40.44256008874464,-52.74175888135319,24399,4,0,0,train
-48.763307772433464,13.600844209160853,25065,4,4,4,train
-36.930518597957494,-3.2809140323683543,39923,6,0,0,train
13.35869443347061,44.4250282062432,157022,10,1,1,train
-48.199116245536075,-42.84760899565144,39243,6,0,0,train
-11.556474165914077,12.727714968314348,41483,7,0,0,train
-38.078980560838545,-9.876544264106716,25025,4,0,0,train
11.185399651405394,26.911564863468158,157781,10,0,0,train
-13.767038626872147,-20.877953384247302,21479,1,0,0,train
-48.20927090106571,11.142994907750458,24931,4,4,4,train
-32.87226826752105,-5.1166776611666105,24437,4,0,0,train
32.03171642899899,-18.266060106225765,21473,1,0,0,train
11.280538073099454,18.40082523059923,20951,11,0,0,train
-53.43792455360695,44.318902088890525,41351,7,4,4,train
-40.08631977763037,-45.73559025063442,25094,4,0,0,train
30.98849267323921,-15.531504734136755,42500,8,0,0,train
30.83586163399379,10.311973273228585,24724,4,0,0,train
61.54173993248013,-3.1323599325456506,25451,4,2,2,train
-48.158461828727994,-23.136758455641512,40501,7,0,0,train
-51.96794213625742,2.786416109828593,19848,0,0,0,train
11.158646295769962,0.31437548762267764,22381,2,0,0,train
-17.395555821550875,33.23687155511409,39943,6,0,0,train
-43.67704972458941,-54.49094753444551,42127,8,0,0,train
-47.53712389014241,48.74150079758965,47192,9,4,4,train
-4.0088736529352476,14.654812427858605,23603,3,0,0,train
-24.630301766431238,7.300522844988855,40555,7,0,0,train
4.601013244700598,45.51587232570981,157042,10,1,1,train
7.264192722888534,43.32246850065053,23369,3,1,1,train
-28.270374223714786,59.67391877710834,39266,6,4,4,train
-27.048206495801832,21.592207383940355,47281,9,0,0,train
-33.88318702155744,-36.92651415440173,20787,11,0,0,train
-51.525953970815806,-27.333684004649825,21104,11,0,0,train
28.676691290275503,-29.517442591791983,156919,10,0,0,train
-18.910247397594542,42.65338202477761,46880,9,3,3,train
-54.458370259615094,18.998945386903625,25122,4,4,4,train
-24.56096058368718,44.06865802684102,25523,4,3,3,train
4.897675260011788,51.339202140345606,23707,3,1,1,train
-45.44616052186902,52.07905115573409,42337,8,4,4,train
-33.567941761257345,4.944351931196838,39815,6,0,0,train
61.74165015449506,-11.782836974780192,25636,4,2,2,train
12.392885652150664,-10.98881490912622,40459,7,0,0,train
-39.869669205347506,13.551315014629925,25880,4,4,4,train
23.089661437263143,-0.0891274003776299,22935,3,0,0,train
-31.732375517109933,-4.382791958544741,40551,7,0,0,train
-45.29017056333336,-17.909984345724684,23765,3,0,0,train
-5.554280028742034,-18.124295763258388,42274,8,0,0,train
-38.23701640955235,-16.75805498552792,24750,4,0,0,train
-22.555680537319645,29.42313764415061,25958,4,0,0,train
-40.03458048954067,-45.398705271300955,20073,0,0,0,train
-51.36783802070582,15.658231343100159,40954,7,0,0,train
5.920154889059752,-35.96163912915064,41189,7,0,0,train
13.091894847338182,19.198564522023677,157493,10,0,0,train
-23.71236868977777,-7.330116114895721,23577,3,0,0,train
13.893798566601905,4.768457796777136,157896,10,0,0,train
-9.98171039651925,29.01493308294615,40733,7,0,0,train
33.35826458552299,-0.16176942269344274,41674,7,0,0,train
3.119320380246288,21.294682683645828,46987,9,0,0,train
-54.62467448043391,35.991727681877535,40779,7,4,4,train
-24.68489828883144,60.84755777994934,39855,6,4,4,train
9.02734615178484,-13.37021739625246,22464,2,0,0,train
-11.02408711418263,29.07860937782847,41280,7,0,0,train
-33.42669202432678,-22.371364495561675,21619,1,0,0,train
-1.9337317692208629,-30.287271227568596,22510,2,0,0,train
-54.236685431437834,0.041577322087704816,47033,9,0,0,train
-23.0585551776871,-30.45705326509658,42153,8,0,0,train
1.1812463682414496,28.609265588242124,157070,10,0,0,train
-19.11579863189683,42.236755332298486,25215,4,3,3,train
-39.710840743282944,-51.83014586473263,47076,9,0,4,train
-29.572065020425025,-27.42031319687956,41467,7,0,0,train
-14.090277455609325,-0.8178411523895003,24635,4,0,0,train
-47.16777908109566,28.691419659640196,25713,4,4,4,train
5.912906691281549,13.405265670120615,23265,3,0,0,train
-46.45899373641109,50.010042916320074,39459,6,4,4,train
-10.992646621432515,-17.78629141316976,41854,8,0,0,train
2.3671416694660543,45.58224968299744,46775,9,0,0,train
1.1359242481770035,11.485787559908049,41647,7,0,0,train
-22.34278167143529,42.84663799671125,46931,9,3,3,train
31.74791205731052,-9.042192042565166,41353,7,0,0,train
-9.876751624332764,15.625078730337705,46993,9,0,0,train
-3.7420337146374028,44.488361195493994,46826,9,1,1,train
-3.785240931335159,-43.61450479111893,157953,10,0,0,train
-0.5952815251753734,28.64465974731283,41915,8,0,0,train
-43.57934144694923,-52.24206501262208,24397,4,0,0,train
29.98632857983952,-7.850228657658367,21772,1,0,0,train
-53.33565686414032,44.734606721099794,40547,7,4,4,train
61.37811657394286,-5.183171306045858,21566,1,2,2,train
14.179784774668828,22.12716352574632,21220,11,0,0,train
61.92292679904922,-9.53772043534348,25711,4,2,2,train
-10.115187995320028,11.465520181467564,41653,7,0,0,train
-53.34284277071974,42.31075574537883,20670,11,4,4,train
21.834078724285334,-34.330734243413985,39527,6,0,0,train
-52.260548939524824,16.616626129251046,39969,6,0,0,train
-48.285087290902126,27.540825279739874,47285,9,4,4,train
-16.33996935367559,-34.21026553386352,20283,0,0,0,train
-38.251568061681,-52.32204255226816,20121,0,0,0,train
2.2895090361601955,-19.4559341546344,47145,9,0,0,train
14.17588192393222,-25.69015458410055,21073,11,0,0,train
-22.297470899547356,-7.54812410359765,39793,6,0,0,train
-3.8827292908588156,16.535987999475857,157837,10,0,0,train
-12.61510338224693,-5.283656277736023,40983,7,0,0,train
5.508907397253591,7.651291055790264,157965,10,0,0,train
-36.13212441794552,-17.004024985730958,42588,8,0,0,train
-60.24874806452691,2.182214668112126,24401,4,0,0,train
-60.13673914901291,33.37883285422126,26118,4,4,4,train
40.90098688253286,10.348955836605416,20866,11,0,0,train
-45.04927593473272,-50.61924285857792,42096,8,0,0,train
5.63567598728314,-26.007673973011002,41264,7,0,0,train
13.079344414991507,-21.07518242707322,19919,0,0,0,train
-3.7095118875491613,-18.935055775925974,20821,11,0,0,train
-38.53995883235524,55.28846589370862,41696,7,4,4,train
-25.830626184672013,-6.608587733994656,23697,3,0,0,train
-29.44195395707018,-16.040743441316387,41081,7,0,0,train
-3.2291020557550274,43.58325524911247,25761,4,0,0,train
54.3392560859002,19.745192415953902,42086,8,2,2,train
-35.87921730670823,3.7018279978406303,24712,4,0,0,train
-23.004316877051934,-30.479503941104024,47256,9,0,0,train
-53.56476627481729,42.36146425552275,24665,4,4,4,train
41.64769105254277,5.941729214473896,21122,11,0,0,train
-15.3549627960641,-8.245970950411449,41672,7,0,0,train
-21.500050039638484,38.59998805143944,25735,4,3,3,train
-0.17647239604212572,-42.91914776184906,20739,11,0,0,train
14.723751346504887,32.600738159857826,20536,11,0,0,train
11.719764606067002,4.347771798222746,157726,10,0,0,train
0.2914370779289275,30.35724448941797,157172,10,0,0,train
-10.881750748716978,16.695843834123853,19763,0,0,0,train
-21.50786917349236,35.41178908144421,46549,9,0,0,train
-22.40014353578978,42.94124223079359,46703,9,3,3,train
-55.32111839178867,6.070578706317391,41103,7,4,4,train
-56.9591506301731,35.93448313784978,41690,7,4,4,train
-47.81248339642464,-23.18983905845735,20711,11,0,0,train
-44.08330250284318,-48.76740057378976,39797,6,0,0,train
33.216868970838334,3.1349688238675966,20704,11,0,0,train
-25.495759013660805,15.82478566897828,24623,4,0,0,train
-7.308245163914142,44.03718789825119,46621,9,1,1,train
-17.881657275142956,8.076995860648958,25680,4,0,0,train
-20.891413162072354,-37.533589406502784,20609,11,0,0,train
-18.428317750824668,-30.99681546390637,22665,2,0,0,train
-12.78494589318922,-11.076452904958407,41917,8,0,0,train
32.776916192865116,11.137208827142837,23419,3,0,0,train
-26.214411329269574,-23.647552495889524,42286,8,0,0,train
-11.859443980374538,6.7817529781983525,26038,4,0,0,train
3.375245201987976,27.580705312618942,158012,10,0,0,train
-33.01347670585626,9.848850173275515,25499,4,0,0,train
17.836667231718536,34.078231580738574,157682,10,0,0,train
-0.7033684781055989,-1.79534637275859,40783,7,0,0,train
5.897830446989266,17.317162212821312,157621,10,0,0,train
-25.829834881411127,-3.333340389360355,40859,7,0,0,train
-24.326953994713154,32.4319366171665,47299,9,0,0,train
-39.8676465439588,-10.243487019116637,26253,4,0,0,train
-41.80290326875583,24.88158066282419,25183,4,4,4,train
-36.9464978425753,-18.740529093334306,40950,7,0,0,train
-9.55980983003908,-10.942626376476454,42849,8,0,0,train
34.79184703130339,12.06499683992931,21160,11,0,0,train
-51.653110339991,-26.91654253382949,21102,11,0,0,train
57.959277247236386,19.108013025889427,42384,8,2,2,train
-41.88226121198076,48.69182621581278,46615,9,4,4,train
14.556304647162882,-18.608337563802635,47311,9,0,0,train
-21.562358372932184,38.51663386597998,25511,4,3,3,train
-38.72527321686614,7.395220453023089,22110,1,0,0,train
59.121281744199095,1.6431665458584575,25140,4,2,2,train
-22.090597697861135,43.485988403871644,25439,4,3,3,train
10.089674314696673,-2.582715453863236,40721,7,0,0,train
-44.95588233220157,-5.513654103423381,24584,4,0,0,train
50.65200255526918,22.616442773373564,22567,2,2,2,train
-8.062216632849646,-23.337519448713593,19860,0,0,0,train
7.489967376786048,41.068887885816935,41923,8,0,0,train
10.172022883045369,-10.144193583483801,22411,2,0,0,train
-25.961669760125652,20.480759598866356,39780,6,0,0,train
-48.85465516251875,40.904656203672445,46489,9,4,4,train
56.140683814790904,20.76021916697986,42833,8,2,2,train
-27.261174149056362,-2.8212895378249074,46903,9,0,0,train
7.657956161824789,-46.547616281194976,156854,10,0,0,train
26.725710850616625,-8.365143810976496,20041,0,0,0,train
11.202124533954358,6.282494492932783,157309,10,0,0,train
-34.27770401435611,15.370588621079907,40557,7,0,0,train
-33.4943846631677,-47.67772097152482,19875,0,0,0,train
-38.92718860279077,-32.78731435303057,24901,4,0,0,train
-52.183906304477986,-6.7302289633874866,39176,6,0,0,train
61.50545357498805,-2.7423639340528996,25676,4,2,2,train
5.182018740590294,35.43580123287879,40310,7,0,0,train
-2.905726887799096,-3.129304282597144,47041,9,0,0,train
8.613185321016829,-5.3364565741722245,21671,1,0,0,train
-4.369015679934948,13.818663245355916,19979,0,0,0,train
34.281048668881,11.939873237731131,156735,10,0,0,train
25.642824891441027,-13.391768069358282,39406,6,0,0,train
-12.904226246310158,10.727879041496143,157599,10,0,0,train
5.750686617421561,23.320239064431597,21653,1,0,0,train
-20.69180613744202,-41.24118656749998,21355,1,0,0,train
-9.09941612340264,-19.559981842108613,20637,11,0,0,train
26.0402959690509,-14.355478882346171,156856,10,0,0,train
60.50490001230766,0.09016580185394274,23435,3,2,2,train
20.883962778446705,11.809447822121921,40883,7,0,0,train
12.346657761376026,-11.280223377743432,40529,7,0,0,train
-50.98166913419834,23.71947560619373,25812,4,4,4,train
26.306152650863407,-15.649108359707071,158175,10,0,0,train
42.49025603272622,3.4917851289342074,20747,11,0,0,train
-6.6987286690818495,-28.76923141182226,41149,7,0,0,train
11.528591626425676,43.995415496536566,157002,10,0,0,train
23.63587534837419,-15.961571999259435,156743,10,0,0,train
-44.39239333128599,-30.82264781885742,21110,11,0,0,train
-33.847466043396864,-38.51431494644558,22198,2,0,0,train
28.13761526836804,-20.807527515567003,157210,10,0,0,train
23.19035154851046,-6.431266141864899,22114,1,0,0,train
-47.24581387943151,22.052044463995138,39877,6,4,4,train
-43.97913223464937,6.255572627196878,46424,9,0,0,train
10.88023630117014,24.361240970361823,157844,10,0,0,train
18.805139255696904,-33.25960373712768,156866,10,0,0,train
-31.859663616284305,8.875324642263182,47250,9,0,0,train
7.002903606825008,41.2325670738642,157483,10,1,0,train
38.80845876919115,11.641531391937189,23409,3,0,0,train
61.473032496170504,-3.1850500967502633,24453,4,2,2,train
12.925031328349679,-18.048510157039274,20225,0,0,0,train
-48.02546896294433,28.569067536169637,25259,4,4,4,train
35.769719466138994,6.243229452436471,21903,1,0,0,train
-23.717957815278556,60.63191245277801,20003,0,4,4,train
59.90382974539514,2.9123581807682624,25351,4,2,2,train
-33.42343676339746,-21.86429461173501,42855,8,0,0,train
5.245919796831679,31.614816293468234,24451,4,0,0,train
13.866996065685207,8.013405818376267,24667,4,0,0,train
-15.899862640626539,-17.78875516678247,22661,2,0,0,train
40.40582650524455,-0.08113002299336014,157398,10,0,0,train
-41.41711358957734,49.0314106667865,20055,0,4,4,train
0.9365651588054789,33.681408025843425,157947,10,0,0,train
-42.79186662389537,-63.33249479007719,25017,4,0,0,train
13.084805946442906,-19.565232697319615,22275,2,0,0,train
57.14567433920648,19.214779096225648,42155,8,2,2,train
5.5234665395321585,-10.695549842595124,21303,11,0,0,train
7.40477300318279,-6.985089762981809,20576,11,0,0,train
-16.00728120494861,-8.52624367984972,21268,11,0,0,train
-17.597513335472563,-28.37033634560853,41191,7,0,0,train
-45.15005155574177,4.117675678839007,22108,1,4,4,train
-46.208847085958055,32.46894541706811,25741,4,4,4,train
-14.046084444400547,23.07193055357578,25263,4,0,0,train
-10.103992537659185,23.92463236075366,40655,7,0,0,train
25.04045720057329,-6.075705645437004,21980,1,0,0,train
-14.723166693677324,-31.00095314620848,21134,11,0,0,train
22.91087455456005,12.751698220590194,40910,7,0,0,train
8.876093838067234,48.080057684022705,157714,10,0,0,train
-30.726711002458252,-26.45040697351782,41980,8,0,0,train
33.44546538793591,-5.072352531524456,157983,10,0,0,train
-8.297181796652024,14.739261821274903,23619,3,0,0,train
-50.553435308474434,-49.993033261314665,26241,4,0,0,train
-16.270272094568444,-35.476705313754024,22261,2,0,0,train
-7.32524754177458,-42.60553782851299,21950,1,0,0,train
-8.007119645960218,-33.47129150771741,49021,9,0,0,train
21.97080878676847,-34.25397574372887,39823,6,0,0,train
-9.00863409299223,8.017642200516521,24913,4,0,0,train
20.014232884386747,12.331646407358056,40373,7,0,0,train
-26.904955610758773,-21.944700320398102,41325,7,0,0,train
-28.93870909101915,-17.44807155645628,39605,6,0,0,train
-14.202611059164187,-35.517561141009054,25108,4,0,0,train
-4.528952429201818,-26.13620784551033,20733,11,0,0,train
-1.6006181083159063,-36.38539310258804,41637,7,0,0,train
30.998065445997387,-10.059590952453163,157206,10,0,0,train
-3.194740597555513,43.04655375095906,41937,8,0,0,train
-31.89325556587991,-13.414640091073606,20035,0,0,0,train
-9.13136951001363,14.543121419623422,40843,7,0,0,train
-25.36978966679675,60.544459757175105,39278,6,4,4,train
-16.05869483160316,-28.975876845636144,41712,7,0,0,train
35.062631921647366,4.254994471549911,39447,6,0,0,train
-7.687525149694004,-17.375473785890524,42466,8,0,0,train
54.464256695553274,19.18181577247415,42072,8,2,2,train
3.386858011601417,-38.731588248539865,20566,11,0,0,train
0.4855121306677699,-10.793833252678787,26076,4,0,0,train
-61.30078345123721,20.29166660331911,21297,11,4,4,train
57.574873828629435,18.15676862369729,42929,8,2,2,train
-19.94007903663848,4.545124354031701,24979,4,0,0,train
29.67565221421601,-21.882246613345217,156805,10,0,0,train
3.2179400565253946,42.75403971349883,46619,9,1,1,train
26.851082463672416,13.891797687684386,40857,7,0,0,train
-42.55841533397249,50.45241767778556,40771,7,4,4,train
29.093153473778802,-31.58080174498138,157101,10,0,0,train
14.855842792698784,31.70329877343151,157212,10,0,0,train
11.428194520068509,5.165986586974765,157740,10,0,0,train
-51.1053601950554,-30.103006556754572,20538,11,0,0,train
-5.831769373847326,-9.578326478232237,40713,7,0,0,train
8.499046464305987,-31.351042019932482,157955,10,0,0,train
-27.347672747621573,-37.00688659260874,20257,0,0,0,train
-36.16698614409374,2.3167042796694077,26026,4,0,0,train
-15.710578754950028,-6.614433661056169,42315,8,0,0,train
10.690178157195163,19.190976136488036,157538,10,0,0,train
-42.42377882770903,-44.17891730586453,39633,6,0,0,train
-6.471287253206405,-41.457745538531015,25146,4,0,0,train
8.879864547540308,21.39221169679389,157927,10,0,0,train
-49.7239568046065,-42.8691062144121,24495,4,0,0,train
11.988449143542645,33.64364119286304,156911,10,0,0,train
7.290296971136936,0.8294503216465012,158022,10,0,0,train
-28.805754303331803,7.978169111610962,21806,1,0,0,train
-43.3997332767064,-59.08555257914884,23747,3,0,0,train
-21.072120229515868,44.450852971653234,46862,9,3,3,train
-41.38339346641433,-60.959942085994,23545,3,0,0,train
13.828826449751642,2.85934502719717,157854,10,0,0,train
23.738183328863574,-16.792496118970767,156844,10,0,0,train
54.82078529112076,7.5999524320532945,21938,1,2,2,train
-14.635992362921506,8.4072591920998,23617,3,0,0,train
16.04916500381363,-36.054718533359875,41520,7,0,0,train
14.639075276822116,-26.563489855364285,40839,7,0,0,train
-42.53860282125346,-15.256408737079962,23195,3,0,0,train
-27.18302061272676,-2.3690614562493053,22669,2,0,0,train
-12.977370362077018,-33.399818845364535,26287,4,0,0,train
37.626499304125986,18.402888497904147,22429,2,0,0,train
61.44245116052845,-5.983706522456068,22096,1,2,2,train
-18.31600642803054,-16.456190209067415,41117,7,0,0,train
-51.509131031680184,28.22569006013203,26054,4,4,4,train
-34.36349275537977,-49.74018569136928,42151,8,0,0,train
42.86491046940108,-0.6917206134098214,22082,1,0,0,train
23.968569878650808,-6.5797511342463215,21132,11,0,0,train
-46.64015629905846,46.95909044866126,47190,9,4,4,train
19.860883472394907,-16.385524109077828,46418,9,0,0,train
-2.790721424044687,-6.2970540467039084,22484,2,0,0,train
-6.570279128243286,2.8488086343400703,40759,7,0,0,train
4.055844688046669,32.19317349532503,40338,7,0,0,train
4.418302467564816,-27.08505790075657,41532,7,0,0,train
-20.578581600883357,35.65397816347742,46846,9,0,0,train
-54.977882136918524,36.4816562707841,40924,7,4,4,train
20.212742716608847,-37.79585319955487,39438,6,0,0,train
-7.083823907092464,-7.391424734364279,39424,6,0,0,train
-58.55038206999971,15.566342877405024,24744,4,4,4,train
-27.243968584371174,59.4373062510211,40477,7,4,4,train
4.509576368055219,-29.2062741438107,40958,7,0,0,train
9.919319988844997,-32.18339595375697,156870,10,0,0,train
-4.038447779722975,-47.827638567888386,40731,7,0,0,train
6.843593204480907,21.263917427734846,157516,10,0,0,train
-12.938254150407584,-50.793947320557706,157008,10,0,0,train
41.684631833895764,4.748243461632544,21307,11,0,0,train
-41.03690301490629,-62.36208023189677,23667,3,0,0,train
-19.791148517083652,-39.364611159965136,41195,7,0,0,train
-7.538291515541192,-1.387354049634637,25541,4,0,0,train
-56.30676889177279,19.693312974953148,22027,1,4,4,train
-43.62889723251028,-52.1312000527618,24413,4,0,0,train
-31.040238534982457,58.061787420885224,40503,7,4,4,train
-5.876840431400444,22.15469086269029,26293,4,0,0,train
5.937978835431142,32.33887057559987,157453,10,0,0,train
0.12157965849371521,-32.18306712863806,42478,8,0,0,train
19.668592788136774,-25.57651976698075,20684,11,0,0,train
7.651715224622123,43.235636669110875,157467,10,0,1,train
-27.323546534595494,-2.150255414069212,24604,4,0,0,train
32.23655437287792,5.364661460592355,23253,3,0,0,train
0.34812422856922964,-11.799084923365317,22415,2,0,0,train
61.62614882609168,-13.417567001211525,21435,1,2,2,train
-22.436649772388776,32.302306264433184,25571,4,0,0,train
4.248826182686852,-6.899109771078821,47109,9,0,0,train
42.48951253164199,-1.0678003305396866,21544,1,0,0,train
-34.09423346897118,-49.20936228853434,42498,8,0,0,train
-47.39769912599023,-48.04179425437292,25013,4,0,0,train
27.622237014512645,-21.07676947886929,157234,10,0,0,train
14.267585883659038,-19.496014600633035,40346,7,0,0,train
-1.895695747613054,-19.869265500695978,21875,1,0,0,train
11.641165158743256,3.959735589896864,157724,10,0,0,train
6.695092033162609,6.2619250581126185,156935,10,0,0,train
-49.3009326940342,0.5683854433715867,22953,3,0,0,train
44.05707537051185,2.2588274742307,24873,4,0,0,train
50.604378203695575,24.97752293605008,42178,8,2,2,train
-24.562995478132688,-4.9391399177252415,22889,3,0,0,train
-19.306847009574092,62.72825561210986,39545,6,4,4,train
-34.677582387515045,10.744548470031967,39619,6,0,0,train
-7.890959032484864,-33.47326118506491,23497,3,0,0,train
-56.31000622726512,23.52129176735264,42472,8,4,4,train
-43.83543723425224,-16.56697316963718,20648,11,0,0,train
-41.22137668135262,12.447307693060823,41327,7,0,0,train
20.66233508247267,-35.477566530240324,156830,10,0,0,train
-19.91030302955417,-35.55287985819206,27218,5,0,0,train
21.300130269619657,-19.31976279434301,27687,5,0,0,train
-39.995948585139274,-32.39207358406517,26622,5,0,0,train
-9.691148510209286,-39.67574652490093,28096,5,0,0,train
-45.59466951228795,-44.08139990977176,27133,5,0,0,train
-33.19121156401134,57.95216077528087,27971,5,4,4,train
-41.83112732542634,-36.1350980329354,27242,5,0,0,train
55.08564064279324,6.740716472921941,27616,5,2,2,train
-40.85193243040233,-60.50691080841456,26774,5,2,0,train
-28.62767915001091,-36.09276162776035,27815,5,0,0,train
59.93353874705491,-4.186974113224251,28058,5,2,2,train
-45.742141037911026,-46.26741094140297,28147,5,0,0,train
-54.38747768405459,-25.15072989699027,27827,5,0,0,train
-14.180869548512824,-46.376642603163035,27353,5,0,0,train
11.754037327472982,-32.622762574794294,27060,5,0,0,train
-9.78336854227779,-25.74365244314763,27578,5,0,0,train
10.223237525877895,-32.6564637248963,28151,5,0,0,train
-25.32605988782105,-33.899930685768794,27082,5,0,0,train
-14.314105485426596,-31.699826621209663,27653,5,0,0,train
32.52984734512697,11.142823961542597,27588,5,0,0,train
27.3632804522649,-17.14645409321608,28197,5,0,0,train
60.04137668727873,-2.9507425314111697,27385,5,2,2,train
-7.857846390058632,-41.72072461650258,27547,5,0,0,train
-8.889385987162282,-48.93516353589783,27726,5,0,0,train
-28.269328204764296,-31.738367885121455,27104,5,0,0,train
39.54776585599514,-1.5411826561386568,28258,5,0,0,train
-4.927056771366359,-20.146202243555976,28124,5,0,0,train
-59.665995025803085,22.255140430826923,26871,5,4,4,train
-6.677231856768449,-29.13853400930907,26768,5,0,0,train
-25.46936929083817,-34.93390053181072,26851,5,0,0,train
-30.34556753479647,-44.47224614901167,27495,5,0,0,train
-41.02079419903157,-41.24343632240891,27387,5,0,0,train
-43.44444477142271,-63.36665229165614,27312,5,2,0,train
41.01209693314752,-3.5133155002787544,28012,5,0,0,train
-54.05704517575353,43.365814228373566,26798,5,4,4,train
-1.692097613641776,-27.879330718151937,28248,5,0,0,train
46.194514463901385,11.649553983312252,26887,5,2,2,train
35.23994550441731,2.3071107049292796,28226,5,0,0,train
-29.089405242178287,-33.775018805821716,27606,5,0,0,train
-21.667230416398645,-12.037529999890909,26377,5,0,0,train
-40.266616638648685,-42.3772583932832,27566,5,0,0,train
-15.501402553518282,-48.488691650405414,26604,5,0,0,train
-37.96902141970517,-28.970796499595355,26698,5,0,0,train
-58.5374800013213,36.26859327267111,27667,5,4,4,train
57.54645084287753,4.483983791089352,26646,5,2,2,train
17.173427351722925,-21.978220826921465,27214,5,0,0,train
9.61356317499142,3.299419961786395,26423,5,0,0,train
-15.282396587127309,-48.781245436044,27643,5,0,0,train
-25.499172445088178,-35.316851305197204,26521,5,0,0,train
-10.890678965905582,-46.260548297437964,27570,5,0,0,train
-14.2711120594496,-30.336137594323837,27521,5,0,0,train
-16.21010056208054,-45.67895115157644,26810,5,0,0,train
11.17359349992104,-28.091160704423476,28032,5,0,0,train
-18.303690779798153,-49.69051982151046,27748,5,0,0,train
-49.20229703635991,49.22620868887488,26497,5,4,4,train
58.270461860265854,-3.8393194948627936,26407,5,2,2,train
-28.463153320903064,-36.53796936091244,27216,5,0,0,train
-23.011784830047,-12.566631910900242,26967,5,0,0,train
46.17817847621511,11.353506635755723,27029,5,2,2,train
-5.212566300693491,-28.021206297735315,28262,5,0,0,train
-3.7592175715481977,-27.61520158217161,28244,5,0,0,train
25.014231078109813,-21.323083894838657,27568,5,0,0,train
13.340457831424764,-27.504271111576443,27505,5,0,0,train
-36.06735252692367,-31.930264186421386,27959,5,0,0,train
-18.520157479454596,-34.81375733250886,27441,5,0,0,train
-7.958311047942891,-39.47069399246604,26682,5,0,0,train
-17.250533358834115,-46.70370071817287,26461,5,0,0,train
37.98691275669904,2.8820122375129764,27373,5,0,0,train
16.962853934853474,-37.45088842811228,27572,5,0,0,train
-8.522545105772153,-49.27319297783481,28026,5,0,0,train
-14.129729915075526,-47.84334166003376,27208,5,0,0,train
15.265255589132689,-38.69352183688335,26463,5,0,0,train
25.44827593226076,21.668422761355995,26632,5,0,0,train
-58.06547867406296,9.146001578125945,27669,5,4,4,train
15.541801559232105,-29.136113723366794,28004,5,0,0,train
-17.458848101184227,-16.91138849377367,27455,5,0,0,train
-45.408754228880994,-41.07420124513904,27985,5,0,0,train
-36.46847214263278,-35.91648376497696,26949,5,0,0,train
40.653764956899664,-2.727416255055674,28149,5,0,0,train
39.350921428620424,-2.7957245085751437,26589,5,0,0,train
-27.206291204421312,-31.081758744572884,27175,5,0,0,train
13.71768591733018,-42.61573083092698,27582,5,0,0,train
45.98435334757481,11.723692057258546,26517,5,2,2,train
12.394467620105171,-39.485691418734305,26754,5,0,0,train
-58.05713346812627,36.7390549580054,26724,5,4,4,train
-59.130057241035374,2.432077997543761,26973,5,0,0,train
34.70089121797922,-6.357135248014259,26515,5,0,0,train
47.12416402506862,6.764481023420949,28161,5,0,0,train
3.938698294683391,47.58820866423798,28276,5,0,1,train
-9.02873525663965,-46.03575278319089,27855,5,0,0,train
-31.92288563483885,-25.061359109484364,28040,5,0,0,train
-45.751678281550966,-43.769600393350046,27691,5,0,0,train
-5.085014614511802,-2.556275448044806,27531,5,0,0,train
-35.5502731789792,-48.53892430447608,27835,5,0,0,train
-21.02072222776554,-41.490569344014034,26937,5,0,0,train
57.901438593153486,5.496194625903912,27009,5,2,2,train
-55.41189747926552,40.765484938755364,26417,5,4,4,train
-44.662392001392206,-63.78297248411299,27770,5,2,0,train
-25.783342462271516,-47.419722039147175,27549,5,0,0,train
-35.990185921194836,-29.04712239175232,26636,5,0,0,train
-21.984777295182738,-11.681619177077897,26393,5,0,0,train
-33.16400199236585,-49.29486840827886,26957,5,0,0,train
-24.256000915640275,-12.462824170248519,26977,5,0,0,train
-18.498378153320505,-16.889342384389696,27527,5,0,0,train
-42.49682647065677,-41.56136789886308,27533,5,0,0,train
3.6740038470021084,-43.725884575323775,26547,5,0,0,train
-25.7453904853033,-30.61133796537707,28108,5,0,0,train
-0.4548209026813712,-7.99316310104177,27661,5,0,0,train
-18.158587083612026,-31.146261322104024,27435,5,0,0,train
3.470847768044898,-30.884411544146015,28118,5,0,0,train
-15.36007068791905,-31.5663336187071,28052,5,0,0,train
25.232846163914903,-16.44043145085477,28187,5,0,0,train
15.45975683601674,-38.416281951171115,27210,5,0,0,train
39.83993253283752,15.546524501638366,27298,5,0,0,train
-26.60126451326431,-10.755591265575845,27005,5,0,0,train
4.130823729861881,-45.229887681115216,26764,5,0,0,train
-18.396559031396187,-48.89787122402248,26471,5,0,0,train
-49.812925258633314,-23.431409921077584,27306,5,0,0,train
41.54623256177574,2.6843979452844082,27397,5,0,0,train
-29.709171520933165,-49.11533111316774,27758,5,0,0,train
-24.772840135014803,-33.001255791454426,27296,5,0,0,train
-36.719837754112575,-33.47524744243117,27145,5,0,0,train
-53.95066881933836,42.26009907238448,26411,5,4,4,train
-8.790686533220981,-42.57685517447837,26519,5,0,0,train
-59.77336823998766,13.373347126154663,27889,5,4,4,train
8.844128475684855,-32.117098856491594,26909,5,0,0,train
55.52027639603624,3.584946134727315,27479,5,2,2,train
-31.981383535991178,-31.10981863701501,26628,5,0,0,train
-57.61482415215944,7.920449365046986,26933,5,0,0,train
-31.979870147073967,-31.10965107301611,26702,5,0,0,train
-57.282795781271204,8.597231049587643,26499,5,0,0,train
-29.9638984880435,-24.463597433539338,26573,5,0,0,train
14.569284184442377,-13.068100352287628,27762,5,0,0,train
-44.866070227664196,-60.10467297478162,26700,5,0,0,train
9.336900032145557,-42.337529405008624,27929,5,0,0,train
-21.141994217297825,-21.810174096717198,27236,5,0,0,train
-58.86843372065981,22.174708982663454,26712,5,4,4,train
13.911056800849018,30.872035058339858,26549,5,0,0,train
25.552833425918966,21.517835169742586,27517,5,0,0,train
45.90237164990582,6.982400925322078,28232,5,0,0,train
57.61865149601975,5.897753975407608,27405,5,2,2,train
-16.82965787711528,-48.84993891188513,27427,5,0,0,train
55.40457016460361,6.6628670946038895,27254,5,2,2,train
-40.99807893903547,-41.52156950556305,27469,5,0,0,train
-19.649266686816887,-42.21562878076938,28240,5,0,0,train
-29.71999197685604,-34.100901880784534,27250,5,0,0,train
-22.279022383869517,15.570044798875287,26493,5,0,0,train
30.293585390049817,13.053551140277799,27445,5,0,0,train
-56.2471060466645,-1.7837876512446147,27161,5,0,0,train
32.48741310707118,-12.984874164066337,27200,5,0,0,train
0.374212957529382,-44.06503889190354,27951,5,0,0,train
-21.575646296088415,-39.80489701327831,28183,5,0,0,train
3.350300031498211,-38.344361246527754,27401,5,0,0,train
3.4763143903663867,-43.38350678494098,26616,5,0,0,train
47.249584638622494,6.017331575496442,28246,5,0,0,train
55.84908376065502,3.879622482993793,28064,5,2,2,train
3.9670101201650194,-41.18765263255787,27708,5,0,0,train
-8.797252908009144,-41.486680068657805,27857,5,0,0,train
-40.06513413662572,54.890039201722885,26513,5,4,4,train
-19.07087573988394,-27.658885030288513,27246,5,0,0,train
16.30969110691359,24.752713062001124,27270,5,0,0,train
-45.424468948225694,-43.229868340458836,27887,5,0,0,train
18.155935771317164,-40.213884173410705,27953,5,0,0,train
-60.63695846800914,27.553830589749086,26804,5,4,4,train
13.061921213047256,-46.85487008641273,27655,5,0,0,train
34.58301665083526,-11.722512032568675,27272,5,0,0,train
12.793406720174954,-29.419310926195386,27576,5,0,0,train
11.853747986131417,-26.37561922078701,28195,5,0,0,train
-31.573504593660058,-32.31160719406921,27310,5,0,0,train
-9.854942801947523,-45.74441686296154,28098,5,0,0,train
-42.10749003203716,-35.016597885903764,27823,5,0,0,train
-10.533027778334315,-48.31478645234216,27977,5,0,0,train
-18.117241423159975,-45.61528495278081,28128,5,0,0,train
41.6278728533368,3.1361449729325095,27252,5,0,0,train
-41.31760256108987,-42.43395505300781,27423,5,0,0,train
57.01952351182861,4.472847791745186,27915,5,2,2,train
-20.675542630528888,-28.945081614628528,27665,5,0,0,train
-39.791620035102156,-45.09019345415115,28002,5,0,0,train
9.596238197960865,-31.829181631604655,28094,5,0,0,train
-42.51533516547772,-32.0289741475131,27744,5,0,0,train
15.458084801284393,-40.696274020568694,27863,5,0,0,train
-46.87322341131386,-42.145703409635786,26610,5,0,0,train
-28.81982426176367,-24.12945740851391,27651,5,0,0,train
55.028137233202926,7.437586727866645,26718,5,2,2,train
15.979631833859617,-21.958930325295306,27837,5,0,0,train
36.489693910712035,-4.092643353748304,27345,5,0,0,train
50.61333572279919,6.40554128738619,26969,5,0,0,train
-34.76536834528806,-29.667933777683455,27608,5,0,0,train
10.832558479300609,37.56008138570452,27070,5,0,0,train
-6.938895268545712,-30.140860186858944,27515,5,0,0,train
4.831210469093499,-32.28372452005577,28122,5,0,0,train
11.59825081030565,36.43385263847139,27647,5,0,0,train
-61.1151292165342,18.91385928310137,27677,5,4,4,train
-39.89748705353114,-38.4498174541727,27349,5,0,0,train
-8.764146273494848,-43.793259187932364,27975,5,0,0,train
-57.54060963549128,14.743571890912142,26931,5,4,4,train
-8.691687847389243,-42.422756133409266,27114,5,0,0,train
13.086438059534185,-46.81459471334972,27805,5,0,0,train
16.60303609325215,-24.880305449125487,27493,5,0,0,train
-59.081181447753735,16.28361158530213,28038,5,4,4,train
13.502758975896146,31.00167950540227,27881,5,0,0,train
17.587894454991005,-36.127048457284076,27871,5,0,0,train
46.66126487116023,11.498024415469546,26814,5,2,2,train
-23.687747917439033,-13.805806236403727,27560,5,0,0,train
13.770614445413358,-20.701588918847044,26634,5,0,0,train
11.909775877272786,-32.1458254802741,27131,5,0,0,train
11.452265979068216,-26.5810534755613,28222,5,0,0,train
-40.834483254558585,-37.14228466779416,27604,5,0,0,train
13.32848260260661,-27.897538205206416,28230,5,0,0,train
47.3555454252854,5.7254286009817665,28090,5,0,0,train
1.7407878309554103,-3.218600858523717,27025,5,0,0,train
-27.900445875908957,-29.475459378410434,28218,5,0,0,train
1.0988612386457088,-36.86615739268977,26829,5,0,0,train
11.840561996995124,-40.37526358910583,27511,5,0,0,train
31.660206644017126,19.596747761834035,27722,5,0,0,train
2.038883523074537,-43.962858237909245,27633,5,0,0,train
3.4842592579400904,-38.381843838890745,27256,5,0,0,train
-58.229796734496304,19.838054172426062,26415,5,4,4,train
3.3666324552169122,-44.58542317852944,27612,5,0,0,train
-10.93515007201193,-46.08752451781096,26897,5,0,0,train
-16.092025963452386,-33.516705120811636,28224,5,0,0,train
-46.26207918543139,-44.635610517151264,27693,5,0,0,train
41.54431611007324,3.054431627704054,27471,5,0,0,train
17.269750504112118,-35.470821416522796,27635,5,0,0,train
-58.525020404158994,16.76626927813407,26859,5,4,4,train
-50.30216982459902,-0.7127071641986604,26716,5,0,0,train
15.924625141463999,4.246933899090245,28130,5,0,0,train
-17.54122111472075,-28.741316396217705,26929,5,0,0,train
29.648330052075526,20.100831595139166,27284,5,0,0,train
-28.501982969938567,-34.84064987237966,27294,5,0,0,train
17.710561115252762,-37.133263030098874,28134,5,0,0,train
-22.052359221681964,-13.043506080382993,27220,5,2,0,train
-29.672415445319754,-49.08434434429745,27477,5,0,0,train
-22.882050073338846,-11.794327683857336,26369,5,0,0,train
60.02731499758167,2.4939390789437876,27149,5,2,2,train
13.976825284626933,31.86145926960783,27127,5,0,0,train
-58.62740754922801,26.76531947007142,27017,5,4,4,train
-27.69700853109682,-31.52995944952148,26652,5,0,0,train
31.372180445335015,19.770685922900448,27574,5,0,0,train
-15.291375038262032,-33.575340298904834,27580,5,0,0,train
-45.49697236878026,-44.19501093849429,26903,5,0,0,train
-24.022574482281595,-32.99579128907398,26923,5,0,0,train
21.21113393842798,-18.87132643223911,27869,5,0,0,train
46.23174649074993,11.015317489976468,26734,5,2,2,train
-38.1905975431263,-38.45393376596472,27961,5,0,0,train
11.662721349641696,-28.397571820266784,27738,5,0,0,train
10.029513424029865,-34.93286871114471,27724,5,0,0,train
15.37476819071561,-20.85666219243709,27421,5,0,0,train
-8.412412393481654,-40.491496732869535,27783,5,0,0,train
-46.376718739665506,52.05292273401433,27675,5,4,4,train
-5.161355748869547,-28.058229293114582,28234,5,0,0,train
-16.537168135642354,-48.410912808390606,27657,5,0,0,train
-61.75668626834998,9.987149199331087,27431,5,0,0,train
-50.696807724478845,-30.034830306773173,27969,5,0,0,train
46.40095398353962,3.1224307299887504,27503,5,0,0,train
-60.66226383930241,27.319454725495238,27967,5,4,4,train
13.862461905323553,-39.181849718964884,27785,5,0,0,train
-53.289299729394116,-26.876529719895714,27683,5,0,0,train
-46.87860886627138,-24.383359744376776,26585,5,0,0,train
35.17793915276914,-1.261428781757894,27300,5,0,0,train
-29.438863709764025,-29.788544011183095,27318,5,0,0,train
-24.088739063335073,-12.15163588301031,26391,5,0,0,train
-18.013529101814264,-45.26936991440476,27403,5,0,0,train
-15.501400101799703,-48.48879166501051,26678,5,0,0,train
-28.37530111258038,-35.6376512416213,27302,5,0,0,train
-16.202233078455258,-32.34112435133052,27449,5,0,0,train
45.84442173886963,11.935825486894387,26959,5,2,2,train
21.792139002654476,-7.5372838331341026,27519,5,0,0,train
-18.555531455315936,-17.97121627666864,27381,5,0,0,train
38.575058511872015,14.121034397159477,28242,5,0,0,train
56.45576743322103,6.3632934624881505,27332,5,2,2,train
13.948428098506202,30.6786898199673,26911,5,0,0,train
-53.37296590810625,45.33326355894695,26722,5,4,4,train
-50.30253590525888,-0.7124300740990561,26642,5,0,0,train
-43.40236230938386,-63.35220189141384,26953,5,2,0,train
-13.24649900412086,-49.90162320763889,27841,5,0,0,train
-56.10834544660378,0.037672044906120306,26569,5,4,0,train
-26.98721742703457,-36.43152440444001,27809,5,0,0,train
40.40510651546448,1.4410340551777434,28018,5,0,0,train
-34.457641949403,-30.198951512280278,26555,5,0,0,train
9.290178956241732,-42.53699468001085,27865,5,0,0,train
-42.05047860709104,-42.67956840133256,27461,5,0,0,train
-56.44366076289235,-1.1714430360604298,27304,5,0,0,train
-4.9920986526077575,-27.8209205339503,28278,5,0,0,train
-36.69122989651729,-48.1857494447473,27927,5,0,0,train
-57.787123831082425,1.086457891401706,26875,5,4,0,train
11.426064749383325,20.6554893747541,28030,5,0,0,train
-47.08898039851009,-24.50745903662825,26947,5,0,0,train
38.00766644689152,11.69117578156855,27021,5,0,0,train
-18.138535318191366,-41.434469173125066,28181,5,0,0,train
-37.952119117109014,-28.752897750356748,26865,5,0,0,train
46.62536677433569,11.146321926432165,26666,5,2,2,train
-46.9578919756171,-27.40048623548642,27179,5,0,0,train
3.2001325669379455,-38.98091588271532,27351,5,0,0,train
-19.03427264578884,-34.8942931980819,27592,5,0,0,train
-38.001049917327165,-37.566555198477815,28076,5,0,0,train
29.888178772077733,20.06592410330962,27357,5,0,0,train
57.17795461203123,-2.7083996087614217,27909,5,2,2,train
-2.932947934956104,-26.739859766299812,26913,5,0,0,train
26.143667710231643,21.039690703894657,27212,5,0,0,train
-38.72788111929681,-39.23067400251519,28060,5,0,0,train
32.6137233146561,-12.278614001092343,27562,5,0,0,train
-52.064097781682605,-25.207867894650658,27106,5,0,0,train
57.19384809870856,3.914173242380299,27240,5,2,2,train
26.33915599230882,-22.829131768729592,28165,5,0,0,train
-45.245582932340525,-43.43644979313069,27276,5,0,0,train
-18.416382740738136,-49.132437200751156,27066,5,0,0,train
-24.702000308509596,-12.038043358483174,27015,5,0,0,train
-43.5389130638317,-22.979533114525744,27244,5,0,0,train
3.2103230703838275,-43.08551456115397,26473,5,0,0,train
13.621301628921216,-31.049265033161827,27274,5,0,0,train
-39.801336581970546,-32.59028663966175,26770,5,0,0,train
-19.39191644279918,-35.374677211908434,27230,5,0,0,train
-30.440900721982022,-24.606298793559144,26935,5,0,0,train
55.028137233202926,7.437586727866645,26644,5,2,2,train
-10.137486702006937,-44.86445198892852,26907,5,0,0,train
56.93554509099276,4.178586391490369,27260,5,2,2,train
-45.324128949679334,-39.617939597087656,27742,5,0,0,train
-25.1644188639457,-12.12825074584712,26993,5,0,0,train
57.43465613716039,-3.143763506936554,27839,5,2,2,train
-54.37340106293928,-25.87974196563964,26758,5,0,0,train
-31.46826270652182,-25.210929699306064,27663,5,0,0,train
-28.091495790542403,-34.96228866180891,27080,5,0,0,train
-37.257322398331254,-23.533627676478584,28034,5,0,0,train
-35.059702457804065,-30.202726984572777,26915,5,0,0,train
4.111367834319955,-43.357958520046836,27877,5,0,0,train
-4.951538777454951,-2.6471224671423244,26618,5,0,0,train
-58.09083347994866,1.3463174096093242,26581,5,4,0,train
-22.29494752568271,-41.13116269736207,28054,5,0,0,train
39.33659570535819,1.141054641587237,26658,5,0,0,train
-17.92933474025103,-48.81041212822659,26762,5,0,0,train
-35.990036182367675,-29.04704444137412,26710,5,0,0,train
49.41117545145133,5.718713237138986,27198,5,0,0,train
-47.23016687910399,-25.368017307506864,26485,5,0,0,train
-61.18664300569513,27.360491444762083,27913,5,4,4,train
-6.828046480680437,-29.564634535267025,26694,5,0,0,train
-34.03986861569106,-29.417594439662746,26857,5,0,0,train
-12.856585992975297,-47.67494025602163,26545,5,0,0,train
-46.01696181946298,-44.3096446267906,27062,5,0,0,train
-38.98607872662545,-35.25322092892051,28048,5,0,0,train
-22.841080770818856,-11.773393467357549,26971,5,0,0,train
-22.579448773586716,-11.625830148817503,26373,5,0,0,train
3.147296098032893,-37.61168962199156,28106,5,0,0,train
38.62394379941604,15.384744218751557,28016,5,0,0,train
-46.87337226234149,-42.14571974151686,26684,5,0,0,train
11.702247986908194,17.093524049610252,26381,5,0,0,train
-37.744137062508926,-36.43379842365894,26812,5,0,0,train
-27.69700853109682,-31.52995944952148,26726,5,0,0,train
0.3398037550435937,-4.4089208372730635,28104,5,0,0,train
-25.76929804789942,-47.373992525763995,27740,5,0,0,train
-33.51447917293575,-30.26066585089199,27821,5,0,0,train
-1.2207994901534427,-30.437497760643236,27417,5,0,0,train
-47.029204284498476,-23.34212940116944,27596,5,0,0,train
-37.96902141970517,-28.970796499595355,26624,5,0,0,train
30.947106729207515,-7.529356956978612,27086,5,0,0,train
32.3897526389955,18.020633756582786,27811,5,0,0,train
-58.01983978583512,-0.9921544923663931,27171,5,0,0,train
33.5604786492827,3.295112201000376,27955,5,0,0,train
12.236564236153647,4.576405878585045,27935,5,0,0,train
60.139197674974326,-5.9815503158492165,28132,5,2,2,train
-60.18463809945847,21.816360136090864,26656,5,4,4,train
-11.24176998154494,-49.279107060478864,27499,5,0,0,train
-39.205474526674365,55.800540687189,27011,5,4,4,train
-46.01582535752189,-44.384550486413474,27639,5,0,0,train
-18.317883716963564,-34.916161194921,27367,5,0,0,train
7.018930425415082,-11.43876063130594,28266,5,0,0,train
-40.503810386319714,-41.96665501053471,26664,5,0,0,train
9.273245434647755,-41.44716986180242,27282,5,0,0,train
15.393135107394723,-20.81381122768854,27433,5,0,0,train
-8.88604168555057,-29.023258351197224,28050,5,0,0,train
-40.10931059746608,-38.05623826255135,27905,5,0,0,train
-16.082095481550123,-33.5366953324713,27375,5,0,0,train
-45.032979695614785,-57.28698653379081,26847,5,2,0,train
16.48391303834641,-24.559922233907553,27491,5,0,0,train
41.2213883852245,2.1959630084749118,27181,5,0,0,train
-18.325779743462753,-35.132664709047816,26561,5,0,0,train
-25.92369411116659,-11.957045579361845,26397,5,0,0,train
-30.072465487347923,-33.114100654102515,26509,5,0,0,train
-20.661575580758328,-31.706419124681307,27361,5,0,0,train
41.02897388071793,1.7509035176155296,27543,5,0,0,train
-43.623151805049375,-63.36808999627053,27169,5,2,0,train
-25.82257091688924,-32.11438598927643,27891,5,0,0,train
-6.82802408739873,-29.564754350915408,26620,5,0,0,train
38.657942841152234,14.792176072908447,27226,5,0,0,train
15.583526089835168,-38.27818617988176,28171,5,0,0,train
3.6254872151969995,-43.85407832584566,26837,5,0,0,train
-45.46403406978713,-45.47248328806069,26541,5,0,0,train
15.882962932953443,24.08171640103188,27489,5,0,0,train
6.658660770088925,-47.55082369463213,27859,5,0,0,train
-29.046957947424776,-33.443426199019626,26873,5,0,0,train
-19.765646559150156,-35.603370508165796,28252,5,0,0,train
39.33679087070038,1.140700409842056,26732,5,0,0,train
-9.788584827576038,-44.226646471949095,26833,5,0,0,train
46.62536677433569,11.146321926432165,26740,5,2,2,train
46.622708415988214,11.579662106893446,26591,5,2,2,train
-33.76428598362864,-39.10591020784851,27756,5,0,0,train
-29.007159867499286,-35.6695988662389,26921,5,0,0,train
39.54005989996054,-2.9528053351536054,27564,5,0,0,train
55.958678245161124,7.195894491594406,27326,5,2,2,train
57.16929002545912,-2.772735489747193,27551,5,2,2,train
17.101452142632095,-37.44358204541555,27710,5,0,0,train
-53.58018598304932,-25.37300325679024,27314,5,0,0,train
17.29265246762442,-37.10042776766247,27355,5,0,0,train
9.099201908031066,-38.043377157199785,28155,5,0,0,train
-37.6481410780782,-32.83775499999814,26843,5,0,0,train
-20.58193005612156,-22.672202184435506,27465,5,0,0,train
-13.350896023870712,-47.91832099455192,28167,5,0,0,train
-16.999008778668216,-38.13700696928714,27931,5,0,0,train
36.80366801369222,15.41984598882149,26853,5,0,0,train
-45.55671396995774,-59.848912095448014,27439,5,0,0,train
54.88264819556325,7.736569861823744,26421,5,2,2,train
-50.22670295574578,-31.924487037040613,28044,5,0,0,train
-15.931138017066637,-32.194277824572815,28256,5,0,0,train
-24.58483440681773,-11.968819580509386,26413,5,0,0,train
17.80037718383597,-37.35662475927691,27945,5,0,0,train
-58.932799979354854,17.58114306131479,26728,5,4,4,train
-18.21461705152722,-29.90554214524196,27598,5,0,0,train
-22.307225538398264,-12.488621421739666,26979,5,0,0,train
-22.195518863273414,-11.341513319703555,26997,5,0,0,train
-10.139338282303427,-43.51262878187907,27064,5,0,0,train
-26.474413818019865,-47.146678527883324,27529,5,0,0,train
-44.866070227664196,-60.10467297478162,26626,5,0,0,train
-24.981414515527206,-11.712753934002901,26383,5,0,0,train
11.431805904627655,-40.18066094593668,27429,5,0,0,train
-42.7280394895337,-21.45518087921073,27308,5,0,0,train
62.56293338337787,-12.10866981276137,28274,5,2,2,train
-15.031010508954237,-32.08519734356746,27509,5,0,0,train
46.25407546833259,11.192809404988743,26427,5,2,2,train
-20.035325139101182,-41.6228487829885,28191,5,0,0,train
-32.4767042509869,-18.85984544988749,26379,5,0,0,train
12.979465742402311,-32.75819615591516,28177,5,0,0,train
-37.6072689126445,-30.603465640299127,27377,5,0,0,train
-18.99408569557885,-35.72170081867276,27363,5,0,0,train
9.846784490620692,-37.854967646587525,27787,5,0,0,train
-8.957231191212568,-49.29770530932112,27728,5,0,0,train
-15.351342103997418,-47.559005982370024,26955,5,0,0,train
-60.017251752872525,22.81514222042998,28042,5,4,4,train
55.73296513795964,6.5546807480593845,26405,5,2,2,train
-30.931467446629625,-48.536050422608795,27685,5,0,0,train
-58.23627048618809,-0.2651334871356217,27100,5,0,0,train
4.440022267164398,-31.458678617358302,27056,5,0,0,train
-44.87043706526069,-63.660004168175746,28280,5,2,0,train
17.918568046213167,1.8641330573111117,28220,5,0,0,train
9.625732365176635,-41.987784308553444,27139,5,0,0,train
24.76671499279897,-17.03778101368234,28193,5,0,0,train
-35.17842988140533,-39.112972467755256,27330,5,0,0,train
11.787966558965806,-40.40865388320513,27501,5,0,0,train
9.862692245205047,-34.60595729279652,28084,5,0,0,train
11.890657158250491,-31.69212262985879,27943,5,0,0,train
32.09844005449146,10.52710521241648,27981,5,0,0,train
3.0866910615695087,35.110569759274995,27088,5,0,0,train
-59.3124681822746,27.56279836046291,26640,5,4,4,train
-8.994785005711554,-42.749353229205155,27278,5,0,0,train
61.53807518436342,-6.609069264912813,27365,5,2,2,train
46.59283950985174,11.121774366614211,26597,5,2,2,train
-13.933240073402004,-46.770933213883865,26883,5,0,0,train
61.56725119288494,-13.708058003441215,28203,5,2,2,train
-16.939096107120992,-31.33948994619316,28114,5,0,0,train
-9.56500066027711,-41.68164154819286,27584,5,0,0,train
-54.43173032263297,12.453330260317644,27007,5,0,0,train
-25.72292598732101,-35.263386678733866,27620,5,0,0,train
25.448332093924027,21.668408963123742,26706,5,0,0,train
-45.27323656569186,-58.906115821666035,26989,5,0,0,train
-11.834181992374443,-46.06438514024141,26825,5,0,0,train
-31.795050985424663,-32.558062921071595,28112,5,0,0,train
-20.078456023714452,-32.181121839662524,26917,5,0,0,train
46.653808249673574,11.185314472996778,26523,5,2,2,train
-42.07035757393048,-31.373085302140456,27451,5,0,0,train
9.482199030106585,-42.104776061876095,27068,5,0,0,train
-51.855379262086885,-25.544382245434914,27320,5,0,0,train
-15.045071364810639,-47.52005440920256,26752,5,0,0,train
-56.847738237972436,32.41521394164887,27001,5,4,4,train
-39.48507729366948,55.14080419342932,28046,5,4,4,train
-53.38410541717228,-24.90063942525913,27750,5,0,0,train
-15.197222982055932,-21.370979949517494,27507,5,0,0,train
62.30044160978596,-13.03321391539307,27989,5,2,2,train
31.201518432985434,18.245398420122427,27941,5,0,0,train
16.03462773190967,-40.586700048645056,27937,5,0,0,train
8.81381247096742,-31.719814780500005,28100,5,0,0,train
-3.095220025369322,-29.06132152384541,28185,5,0,0,train
-17.957421534413143,-48.89559326603762,27137,5,0,0,train
-23.60554322755233,-33.148029666381476,27224,5,0,0,train
2.8909517252377093,-40.970611713256915,26543,5,0,0,train
-43.85928037550707,-23.010387823526557,27389,5,0,0,train
-40.310528091957146,-38.16429714647546,27248,5,0,0,train
-45.15229133166014,-56.99240535519688,26387,5,0,0,train
-17.310923053454086,-46.776088920848565,27258,5,0,0,train
-38.31871535066074,-39.377102396450994,27973,5,0,0,train
31.752888266964813,16.919136546678267,27949,5,0,0,train
55.545551035385444,3.728298757276268,28138,5,2,0,train
-26.242599930802562,-11.768582027456453,26987,5,0,0,train
-36.36830217152506,-38.83988665705161,27116,5,0,0,train
15.339041152561922,-37.986037214967325,28205,5,0,0,train
15.341369214526459,-35.6700589007922,28088,5,0,0,train
14.349367198696847,-38.223485056069535,26827,5,0,0,train
35.73035112249424,-12.56324451263562,26537,5,0,0,train
-59.68945348449175,23.178725723948787,26802,5,4,4,train
-19.14770610635474,-35.08670514512319,28270,5,0,0,train
58.83464865684307,3.8438632652454325,27689,5,2,2,train
41.12894605488536,2.054863744542922,26951,5,0,0,train
-21.077502688448455,-34.328749789183746,27746,5,0,0,train
21.860013852731754,-7.362324612993162,27447,5,0,0,train
-40.63668646355809,-36.72616041589836,27610,5,0,0,train
-46.99437458698074,-27.29081249514727,27108,5,0,0,train
38.23154303254658,15.753922700951072,27736,5,0,0,train
-42.03837933905747,-42.978278226839976,27903,5,0,0,train
2.257386178108444,-38.48942838245337,26901,5,0,0,train
-1.5152205999621735,-30.718196027962744,27475,5,0,0,train
-6.282944914274473,-50.4427016559774,27760,5,0,0,train
1.7126733161715144,-41.181698416120994,28189,5,0,0,train
-24.438136713654277,-32.936423728000236,27238,5,0,0,train
-38.21478246497812,-28.709547271796836,27234,5,0,0,train
13.247032347704561,4.924881705839969,26489,5,0,0,train
46.63284520573221,11.191779706583644,27183,5,2,2,train
14.166439688787843,30.8692313957362,27141,5,0,0,train
-56.778741098707584,1.367159450960846,27102,5,0,0,train
-35.8723282382277,-29.835035518328574,27379,5,0,0,train
-23.00724394201853,-12.073512755857278,26375,5,0,0,train
-28.68111737968225,-44.638142509019445,27541,5,0,0,train
46.13956456550851,11.360900966071046,27545,5,2,2,train
41.233121296590866,15.298953202841723,27084,5,0,0,train
11.829925891983684,-31.097728306662752,28080,5,0,0,train
49.92299324925554,6.113549159002088,26995,5,0,0,train
34.53939310608672,-12.925042791575212,27637,5,0,0,train
57.824054693564946,5.233273929941286,27622,5,2,2,train
-53.90470085945289,43.283931660199684,26495,5,4,4,train
-55.9594498622365,-1.673845781692716,27163,5,0,0,train
-42.122035921801626,-42.6179843787117,27752,5,0,0,train
-9.734263897470486,-38.811817507607444,26465,5,0,0,train
55.7001363042849,6.162616802604424,26365,5,0,2,train
3.0871934029741226,-31.0675699954649,27875,5,0,0,train
-50.732275180277014,-4.202542834411616,27525,5,0,0,train
-34.91049855157759,-35.839894678275485,27803,5,0,0,train
-62.74450778206351,17.12809791392283,26401,5,4,4,train
-48.527417708578696,-58.65098756640927,26794,5,2,4,train
-57.93853366472425,1.4171004247973147,26877,5,4,0,train
-57.68175618199321,19.983065653139853,26399,5,4,4,train
-59.312447872762064,27.561878947105896,26714,5,4,4,train
5.38728831620733,-26.399660135772926,28092,5,0,0,train
-40.1669048749542,-46.900854839231755,26579,5,4,0,train
-36.69915808081029,-37.806140507718865,26885,5,0,0,train
13.77064285413853,-20.70167145609415,26708,5,0,0,train
57.54645084287753,4.483983791089352,26720,5,2,2,train
3.382129834133135,-40.00241417878814,28163,5,0,0,train
57.76023292199817,3.76589026962647,27473,5,2,2,train
38.41057141303354,11.831446636850458,26419,5,0,0,train
-39.777187726482985,-37.46546941833003,27393,5,0,0,train
-0.5874062587065083,-28.186119659439008,28126,5,0,0,train
-39.94147767574398,-56.116058136783664,26483,5,2,0,train
-28.622243874922404,-35.680739587930944,27076,5,0,0,train
1.4598421741112464,-37.16982455423248,26539,5,0,0,train
-14.02309005143109,-47.99888535550829,26612,5,0,0,train
-27.342781228138072,-36.928122853925956,26778,5,0,0,train
-60.19169091254729,10.373692842546506,26941,5,4,0,train
61.72349330422291,-13.436197255964627,28209,5,2,2,train
-43.600423536421005,-56.8279803834334,28169,5,0,0,train
-30.21545574755154,-50.776031250644465,27766,5,0,0,train
-45.82934358335463,-44.32604645527462,26831,5,0,0,train
25.671580185203315,-22.595120829935897,27957,5,0,0,train
15.228293326261113,-18.91640806842415,26565,5,0,0,train
-16.30167068836574,-33.091240695787974,27513,5,0,0,train
10.44800780534775,-28.522709400469388,27799,5,0,0,train
-7.6529538044423795,-29.63046247087609,27649,5,0,0,train
-22.958568335196738,-11.765412373663525,26975,5,0,0,train
-42.55538023317757,-32.4969680608669,27463,5,0,0,train
35.03803832010249,-12.698400691988581,26899,5,0,0,train
15.065308008944243,-40.8358350981066,27939,5,0,0,train
-61.15258526878502,19.848217302945287,27825,5,4,4,train
-40.50376599619802,-41.96630677661844,26738,5,0,0,train
32.18725654177325,-13.462162091747894,28078,5,0,0,train
-26.092648597045564,-11.931924851039057,26385,5,0,0,train
-42.72467384414365,-32.77104857846611,27885,5,0,0,train
62.753103982345465,-12.493680251141072,27983,5,2,2,train
-58.057119781542625,36.739088982879665,26650,5,4,4,train
37.82787531446523,15.24073662678283,27797,5,1,0,train
-22.779600228154756,-42.7827095473251,28082,5,0,0,train
-7.95836857924574,-39.47082825783119,26608,5,0,0,train
-56.21140816479836,41.87507591535406,28062,5,4,4,train
32.38858415664372,11.182717258027104,27907,5,0,0,train
-39.996055136185674,-32.39167124635755,26696,5,0,0,train
-53.11607980899207,-24.946043668294834,27602,5,0,0,train
-56.20257275920382,0.3130214222451002,27316,5,0,0,train
-41.302134915113214,-33.79469677894177,26587,5,0,0,train
-60.15934811943366,1.5124728240891705,26467,5,0,4,train
46.62770479000636,11.15679106427912,27112,5,2,2,train
46.80793044983294,6.741644450720879,26501,5,2,0,train
-16.667301232216758,-29.305695591384087,26477,5,0,0,train
-36.64043957388216,-33.08718607149646,26553,5,0,0,train
-45.2050878833609,-26.968781904208267,27539,5,0,0,train
46.646761635806826,11.278177581591347,27118,5,2,2,train
-8.813991786828678,-30.861893710175597,27369,5,0,0,train
38.501000181193945,12.470488662766684,27155,5,0,0,train
-58.193754101505334,16.923673396176024,26861,5,4,4,train
-42.49355574153563,-22.099405613295495,27165,5,0,0,train
10.206345080302835,38.130531820107734,26766,5,0,0,train
57.32010459651488,6.2454487949482855,27695,5,2,2,train
-10.194171698284089,-26.313160790677916,28120,5,0,0,train
-39.5334301387684,-35.56853480070052,28036,5,0,0,train
56.488176775566245,25.37764845305383,27023,5,2,2,train
-18.69756359656936,-45.47624958130184,27659,5,0,0,train
-38.35625024389478,-29.267630597347093,27232,5,0,0,train
4.676848540210543,-47.11476062601159,26593,5,0,0,train
-4.951538777454951,-2.6471224671423244,26692,5,0,0,train
-34.459755673085496,-38.553269701618845,27831,5,0,0,train
34.74945497840022,-6.349663094799926,27347,5,0,0,train
-8.39041895847281,-42.195639260799425,27185,5,0,0,train
35.40036028538508,-0.4818143841417959,27228,5,0,0,train
-55.36706340900476,-1.6886860248702453,26792,5,0,0,train
-16.031212089354415,-32.881387975666954,27437,5,0,0,train
-22.864778854125362,-42.797619041322335,28153,5,0,0,train
57.10058061573183,5.890575112959437,26881,5,2,2,train
59.1132374391391,-3.960459982523509,27764,5,2,2,train
-14.023215693649362,-47.99906704076166,26686,5,0,0,train
22.462492267487907,-20.314755463962147,28264,5,0,0,train
-13.124993880154738,-49.73009638746488,27645,5,0,0,train
-6.890393208560196,-10.92041542517304,26981,5,0,0,train
13.862298654950855,30.65296493582942,26839,5,0,0,train
46.617824353697884,11.589195828335178,26808,5,2,2,train
-16.97778775648903,-45.60442125140446,26469,5,0,0,train
-26.7544088527493,-31.866454146508964,26945,5,0,0,train
-48.57616475217924,49.94249726595825,26505,5,4,4,train
50.21894575353619,6.45399165969164,26395,5,0,0,train
40.94604859768948,2.361874141557107,26879,5,0,0,train
-25.477594669564326,-34.62435116377122,26704,5,0,0,train
0.6335684489810784,-3.686141539705715,27027,5,0,0,train
-58.52980263388365,10.369897963822728,27963,5,0,0,train
19.734193896252822,-11.294447270894242,28268,5,0,0,train
-58.932799979354854,17.58114306131479,26654,5,4,4,train
15.998587368627486,-38.03952380342106,28159,5,0,0,train
-37.40162787031727,-31.149604222209984,28254,5,0,0,train
-35.531831932163925,-30.479920891498008,26845,5,0,0,train
-39.92630657202352,55.325060460479705,27897,5,4,4,train
10.338879975277994,-34.54992618261484,28228,5,0,0,train
-48.93647327088949,-24.547150161814187,26943,5,0,0,train
11.831782932426204,17.106119526178638,26983,5,0,0,train
15.195937576198652,-38.20705118770559,27058,5,0,0,train
-41.030654134836254,-60.53510109371099,26557,5,0,0,train
2.757461152669876,-45.31253140492247,28008,5,0,0,train
-41.39515888485003,-40.074760240315825,27768,5,0,0,train
-58.86834912013792,22.174487742786614,26638,5,4,4,train
56.92191359402132,6.339651841268086,26867,5,2,2,train
10.855781384989054,-40.812264813426026,27795,5,0,0,train
-10.950843352469803,-46.23349054544026,26535,5,0,0,train
-7.728097304954975,-42.417512376313255,27425,5,0,0,train
-9.540862385325022,-43.04847040088757,27135,5,0,0,train
-3.1515915306837057,-26.86898751629857,26551,5,0,0,train
-56.262343533407304,0.32655160190076904,26571,5,4,0,train
-25.907338300910997,-11.155567696688639,26985,5,0,0,train
35.06345545708372,-12.294029837785917,28014,5,0,0,train
-30.299207396771266,-30.602257946954815,27096,5,0,0,train
-17.87656245521109,-48.613657085261124,26614,5,0,0,train
-8.66513183497782,-46.57279123476937,27720,5,0,0,train
-37.48444113548259,56.13275759917623,27987,5,4,4,train
59.89856343537504,2.84951018733134,27292,5,2,2,train
-28.959295776312057,-35.419300608930115,27290,5,0,0,train
-56.833091080054686,-1.6018425425760832,27594,5,0,0,train
41.57118274420327,8.789709225674958,27371,5,0,0,train
-55.80910436784812,1.2541076406255873,26790,5,0,0,train
-43.844535957222064,-41.51422101341048,27754,5,0,0,train
28.190911498156996,-19.031307500650723,28272,5,0,0,train
-13.54782123981886,-47.41705757837906,26760,5,0,0,train
56.653400478959114,6.614354493899379,26939,5,2,2,train
-36.87275832396665,-33.3457850784593,27074,5,0,0,train
10.605503026373693,-27.960635766452626,26491,5,0,0,train
9.812502653616107,-36.889611493296755,28010,5,0,0,train
-36.14981610542983,-39.8318198913193,27911,5,0,0,train
61.06769407826131,-0.843437231881663,27078,5,2,2,train
-18.828126511587765,-36.268802403225706,28022,5,0,0,train
6.67466896562949,-47.562956904952216,27933,5,0,0,train
-17.326628154498298,-47.030968408881165,27280,5,0,0,train
-42.88060403364116,-22.526003195637642,26863,5,0,0,train
3.476431796210937,-43.38342800759736,26690,5,0,0,train
-59.5507089618539,27.06153619319607,26409,5,4,4,train
17.02589700028814,-22.763282611055555,27072,5,0,0,train
13.18591560290929,-20.045779935576096,26855,5,0,0,train
-35.03788895434064,-29.455413426407674,26784,5,0,0,train
3.0110905420537826,-40.60876998531296,26905,5,0,0,train
46.65958010996225,11.688020295951171,26660,5,2,2,train
-18.661168048221178,-28.147959958804602,27965,5,0,0,train
1.5045958428478539,-39.08707174386237,27497,5,0,0,train
-26.395092647603942,-11.39370924184505,26403,5,0,0,train
-10.10362498117178,-45.0471361321995,28199,5,0,0,train
-7.726394627657545,-39.065258716823024,26756,5,0,0,train
24.861444015980357,-21.657924222974003,27202,5,0,0,train
-9.849682627286473,-27.7987449745156,28136,5,0,0,train
-29.291900824833693,-36.55544930073452,26559,5,0,0,train
-30.623982717511865,-34.21316429138646,26849,5,0,0,train
33.15864233962991,-3.787379114528566,27157,5,0,0,train
12.506441592578234,-26.241422608442623,26782,5,0,0,train
-8.81816104624043,-46.63138900361294,27718,5,0,0,train
34.60155974432166,-12.783641585179351,27712,5,0,0,train
-42.52287393350187,-34.245190733563234,27322,5,0,0,train
-44.92048745384086,-59.63431358787882,26919,5,0,0,train
-36.64079985207836,-54.23280100527066,27730,5,0,0,train
-8.674361109198097,-29.86568275333687,27443,5,0,0,train
17.349197280638712,-37.72353809644349,26606,5,0,0,train
-16.205609165325185,-45.92797597820504,26736,5,0,0,train
-40.73259843974974,-38.92965732575581,27204,5,0,0,train
-46.988578596622034,-24.943139231248345,26481,5,0,0,train
35.334552085120805,-11.720872559962201,27716,5,0,0,train
51.33931626139109,6.466979390953428,26367,5,0,0,train
18.05920726022265,-11.604036965034565,28056,5,0,0,train
-34.43215199201768,-35.705680189744385,27801,5,0,0,train
57.66134454067168,3.6088848505727906,27845,5,2,2,train
0.9227366400601973,-3.694594079317283,26425,5,0,0,train
14.851122530881582,-39.40911069674753,28157,5,0,0,train
7.518041649145637,-39.0144397111611,27641,5,0,0,train
-16.707352732543985,-49.43319011566372,27793,5,0,0,train
-56.03982036866596,40.76788545513726,26511,5,4,4,train
-40.10290429633224,-32.32389128629406,26479,5,0,0,train
-16.119252269860063,-45.95801750062189,27618,5,0,0,train
54.80109308890495,6.39928187291547,27459,5,2,2,train
54.866857988712084,7.765114753623486,27399,5,2,2,train
-57.797769023053036,36.83240231866277,26786,5,4,4,train
11.833362380422553,34.97267548639863,28175,5,0,0,train
-11.214095871836067,-48.981921130387164,27843,5,0,0,train
-42.471981589673405,-51.1402394166693,27853,5,0,0,train
31.564623246079034,10.889677152585085,28116,5,0,0,train
-13.56287062784601,-37.60495325244071,27586,5,0,0,train
-21.587959591063516,-39.99885464168257,28207,5,0,0,train
-60.061680332432346,23.616481201960614,27893,5,4,4,train
-17.624485994214552,-28.430557865216134,26567,5,0,0,train
13.029635515376206,-18.50566440953326,27590,5,0,0,train
-25.26994814976227,-11.618079609759421,26389,5,0,0,train
-45.24447412322742,-27.596242767410875,27535,5,0,0,train
-56.85936613538385,-0.3978137709886328,27090,5,0,0,train
17.23343736532427,-22.84094283098204,27286,5,0,0,train
5.340844886231309,-47.320348107257615,26595,5,0,0,train
-29.667961822142065,-30.48327329825394,27167,5,0,0,train
-15.168096179887216,-41.09914212675662,28102,5,0,0,train
12.859467342093136,-25.167499358763976,27419,5,0,0,train
-19.299506838080895,-25.924636660672572,27671,5,0,0,train
12.901601747513705,-19.264353906236394,26927,5,0,0,train
-4.177519960458024,-28.40127955709749,26841,5,0,0,train
-32.215660344579845,-30.812347295157107,26776,5,0,0,train
4.21472602980098,-26.545996416194953,27883,5,0,0,train
-34.36366261168847,-38.19487280904056,27833,5,0,0,train
-10.26737071048449,-40.0723062186008,28179,5,0,0,train
-26.277559204457404,-10.79944388677429,26991,5,0,0,train
30.5179884096888,-11.296731501313353,28028,5,0,0,train
-17.666938913571876,-31.087109944365654,28250,5,0,0,train
-15.626179922273103,-48.44730694495475,26835,5,0,0,train
-56.53634161994849,0.22209802263837208,27092,5,0,0,train
-16.20558966375726,-45.92796969664545,26662,5,0,0,train
-3.8497387913573187,-25.389070098296425,27813,5,0,0,train
-37.94646264850017,-37.877239447292894,27979,5,0,0,train
-17.610864013826976,-37.11611073163343,26583,5,0,0,train
56.51729524938655,4.388896937218928,26577,5,2,2,train
13.87993083040984,26.50357905189172,26780,5,0,0,train
-56.50178280228657,41.019577905942825,26869,5,4,4,train
-25.477692602818482,-34.62432499939577,26630,5,0,0,train
17.348732634667783,-37.721622824693,26680,5,0,0,train
-8.843480318689283,-42.69764510997422,27600,5,0,0,train
-41.59217881920124,-35.93973692678219,27467,5,0,0,train
11.913208580245183,-37.728684768874146,28086,5,0,0,train
-60.18470137356617,21.816381082747494,26730,5,4,4,train
-42.10270515108216,-31.399666418117835,27453,5,0,0,train
42.17643559806888,3.15175649831455,27614,5,0,0,train
-17.876461905441197,-48.61374511337853,26688,5,0,0,train
-41.280991191867884,-40.24060967500995,27673,5,0,0,train
-27.507259725269513,-34.9363216390184,27159,5,0,0,train
-50.321826674946934,-31.698590650723595,27895,5,0,0,train
-46.916579443935774,-22.91005205673493,27523,5,0,0,train
-51.24941723085864,-29.070944073147796,26371,5,0,0,train
-54.09135742149056,-24.623975042009935,27817,5,0,0,train
15.086148310756208,-27.544249300641546,28020,5,0,0,train
-44.565918340366636,52.4147015695596,26796,5,4,4,train
39.99662270384027,1.314038892774065,26806,5,0,0,train
-45.62003116359713,-45.34850437067546,27789,5,0,0,train
-43.01590324978582,-23.439441767394623,27537,5,0,0,train
-27.44380169175522,-36.391657870558376,27807,5,0,0,train
-51.62097420738583,-25.579051623638776,27177,5,0,0,train
-36.17382226515225,-38.710489393540044,27187,5,0,0,train
-22.2434760455583,-33.536866531847195,27383,5,0,0,train
2.5235868596492494,-40.71551718473137,27206,5,0,0,train
12.07661862065682,34.40331176567956,26475,5,0,0,train
-47.230677499455155,-23.942636344432582,27819,5,0,0,train
-30.868814359710893,-50.913690916216595,27714,5,0,0,train
-26.12650634782522,-27.52438193674,26575,5,0,0,train
-44.80452542033724,-63.25459721605259,27098,5,2,0,train
16.62038552804936,-21.397980480118374,27359,5,0,0,train
2.9364991536801206,-40.244570962200996,27791,5,0,0,train
31.111054482671197,18.140206804003814,27867,5,0,0,train
4.202363918689587,-26.557935229440123,27873,5,0,0,train
-52.74529141391466,-26.155784494028044,27679,5,0,0,train
57.19817741756799,6.251733848206621,26503,5,2,2,train
-28.592236560567926,-35.43377594251447,27147,5,0,0,train
-25.509540196704354,-34.53558696797698,26487,5,0,0,train
-9.617951062152734,-48.4812082046075,27732,5,0,0,train
-33.55440514920545,-38.576234811619855,27457,5,0,0,train
9.068882317243844,-35.260321305288784,27861,5,0,0,train
-42.502674789664894,-22.398951072084852,27094,5,0,0,train
-56.37183159845715,39.87731997002486,26788,5,4,4,train
32.64097700552554,11.577641528233682,26563,5,0,0,train
-3.212815743559437,-29.26866286354713,27947,5,0,0,train
-8.19199694054383,-41.99599513820402,27328,5,0,0,train
-19.03813903142371,-26.97356331493482,27391,5,0,0,train
38.473496533365136,14.312224883034752,26925,5,0,0,train
9.747019965300627,-30.860548016175475,28024,5,0,0,train
30.503570652365052,-17.06977321643957,28201,5,0,0,train
-56.96033769019067,32.13348312928569,27019,5,4,4,train
-35.32341668649947,-30.504180056385273,27288,5,0,0,train
-29.317967478884086,-33.30439999631919,26800,5,0,0,train
-27.240100534141405,-34.126572760168344,27151,5,0,0,train
-37.54423963734594,-29.18847600080777,26772,5,0,0,train
9.85141157092528,-32.91799811327374,27343,5,0,0,train
15.06272733590583,21.011353683754727,28260,5,0,0,train
-16.564022934563823,-46.3512007076812,27734,5,0,0,train
-16.004519466950256,-33.67662213330573,28238,5,0,0,train
-22.019574094880475,-33.46725367820363,27222,5,0,0,train
46.24725780227966,11.148804976539433,27189,5,2,2,train
-59.95107257011911,1.4936508529365935,27829,5,4,4,train
15.782186936680311,-37.411046445263,27129,5,0,0,train
-39.50332508435436,55.24343386858398,26507,5,4,4,train
41.105975995310544,1.9835142450832564,27110,5,0,0,train
-25.247331227805127,-33.952366807028156,27153,5,0,0,train
11.477648811409413,-40.78125476546565,27879,5,0,0,train
40.75789549713093,1.5187175977726017,27324,5,0,0,train
-53.37219516497599,45.33448348625464,26648,5,4,4,train
-6.970964713574048,-28.678400813617195,28006,5,0,0,train
12.461684488398312,-29.72818258114723,28236,5,0,0,train
17.189766912751562,-22.55121890588378,27143,5,0,0,train
-41.407572109855806,-39.8337482556113,27901,5,0,0,train
-56.472106780819374,0.9549173893552694,27173,5,0,0,train
-26.112903151918673,-11.920323924431173,26999,5,0,0,train
-34.31575036670117,-38.01235770140897,27395,5,0,0,train
-59.04849988930684,17.239442015825276,27681,5,4,4,train
-39.22617567193664,-35.608258179677534,27899,5,0,0,train
-21.393313480888473,-41.07646597734369,28110,5,0,0,train
-0.7614792584248065,-32.38430972862696,28173,5,0,0,train
-19.79354696101948,-35.52492127954406,27218,5,0,0,test
21.29194208746217,-19.25645644418449,27687,5,0,0,test
-39.99925669055161,-32.372059233979066,26622,5,0,0,test
-9.719802572457965,-39.72908027032665,28096,5,0,0,test
-45.62137123854659,-44.03144166333299,27133,5,0,0,test
-33.107676389911354,57.98803204615986,27971,5,4,4,test
-41.87285428384924,-36.061119559678076,27242,5,0,0,test
55.05096863546615,6.827044678591919,27616,5,2,2,test
-23.039688592637738,-14.59281761009848,26774,5,2,0,test
-28.59383488058697,-35.987593285267714,27815,5,0,0,test
59.86379828429725,-4.1604258120212325,28058,5,2,2,test
-45.724453182919845,-46.188888705833065,28147,5,0,0,test
-54.401630650513056,-25.100852205934455,27827,5,0,0,test
-14.142112901799127,-46.37523408307126,27353,5,0,0,test
11.795684518204977,-32.52452910102675,27060,5,0,0,test
-9.782325708057325,-25.765778352453907,27578,5,0,0,test
10.256268901424228,-32.646279028351316,28151,5,0,0,test
-25.298390020470833,-33.99026187783146,27082,5,0,0,test
-14.370442966044635,-31.6830899582131,27653,5,0,0,test
32.485421943756315,11.157091182167656,27588,5,0,0,test
27.372095904412188,-17.182824271312313,28197,5,0,0,test
60.00568103765958,-2.9519076245662697,27385,5,2,2,test
-7.910930515568208,-41.78239009738704,27547,5,0,0,test
-8.861599110948422,-48.932687745693215,27726,5,0,0,test
-28.206429964792623,-31.732520966635903,27104,5,0,0,test
39.561212132879305,-1.4904485593618666,28258,5,0,0,test
-4.8782923901985535,-20.107444335904532,28124,5,0,0,test
-59.64051972976951,22.19901071354288,26871,5,4,4,test
-6.737690966711935,-29.173971461848172,26768,5,0,0,test
-25.45503882385233,-34.811408659178554,26851,5,0,0,test
-30.429131249417235,-44.475066905803885,27495,5,0,0,test
-41.01408856786562,-41.2261689705939,27387,5,0,0,test
-43.40572729449675,-63.417001328631926,27312,5,2,0,test
40.98964148551858,-3.554081326278564,28012,5,0,0,test
-54.0206922487913,43.37681647093357,26798,5,4,4,test
-1.696868717776613,-27.874105096322797,28248,5,0,0,test
46.18309796436096,11.599092397671816,26887,5,2,2,test
35.29144567251721,2.297653326289058,28226,5,0,0,test
-29.111230787538364,-33.72315435106987,27606,5,0,0,test
-21.661989568205932,-12.03004262379568,26377,5,0,0,test
-40.244509471306934,-42.315868294347844,27566,5,0,0,test
-15.517665874279501,-48.51394325807004,26604,5,0,0,test
-37.88860830527797,-28.988982113515117,26698,5,0,0,test
-58.51011705145592,36.35325182418136,27667,5,4,4,test
57.540640944819295,4.545884231645943,26646,5,2,2,test
17.13403140197884,-22.087704255116936,27214,5,0,0,test
9.625409125746705,3.2723637061997652,26423,5,0,0,test
-15.256826574666372,-48.747849864198464,27643,5,0,0,test
-25.47289732613774,-35.177459279396025,26521,5,0,0,test
-10.947981911662925,-46.22675077411791,27570,5,0,0,test
-14.29489251593634,-30.37898238894078,27521,5,0,0,test
-16.15965464416373,-45.76253420730606,26810,5,0,0,test
11.13957324679724,-28.11017622972729,28032,5,0,0,test
-18.35142948614762,-49.8309021673076,27748,5,0,0,test
-49.244287074578,49.19169825067022,26497,5,4,4,test
58.2471369661671,-3.811100253422244,26407,5,2,2,test
-28.533385670792697,-36.53137401939336,27216,5,0,0,test
-22.93552031326108,-12.494227606372053,26967,5,0,0,test
46.18290908982319,11.347626617148117,27029,5,2,2,test
-5.158921306597892,-27.967155058491368,28262,5,0,0,test
-3.7945630478047474,-27.632561761297847,28244,5,0,0,test
24.957079055792917,-21.41571095942299,27568,5,0,0,test
13.368036601551138,-27.538818525507597,27505,5,0,0,test
-36.08023650726533,-31.91316837310863,27959,5,0,0,test
-18.60070342770172,-34.86467469477394,27441,5,0,0,test
-7.921912223207442,-39.42535820966527,26682,5,0,0,test
-17.281682450020593,-46.74062300442722,26461,5,0,0,test
38.010008358995144,2.8340427562450627,27373,5,0,0,test
16.99840790189168,-37.4575922034099,27572,5,0,0,test
-8.52531212290321,-49.25379991911441,28026,5,0,0,test
-14.045118353373555,-47.90320384169874,27208,5,0,0,test
15.249049811323077,-38.55005096123556,26463,5,0,0,test
25.430505952327902,21.685722557930834,26632,5,0,0,test
-58.085304164329195,9.116371943339416,27669,5,4,4,test
15.551546810034703,-29.115451192372863,28004,5,0,0,test
-17.476315203158062,-16.911390256759287,27455,5,0,0,test
-45.399396212383536,-41.089017351718674,27985,5,0,0,test
-36.49215293509319,-35.90970514998402,26949,5,0,0,test
40.592825878013066,-2.7478778994042234,28149,5,0,0,test
39.33712313955128,-2.826273021352684,26589,5,0,0,test
-27.27443688618169,-31.095279425014848,27175,5,0,0,test
13.73443710723735,-42.530974101288706,27582,5,0,0,test
45.977734658315114,11.8090084271175,26517,5,2,2,test
12.386082904247274,-39.473753742231395,26754,5,0,0,test
-58.04552809818145,36.78400228806891,26724,5,4,4,test
-59.047003981528995,2.44881283792299,26973,5,0,0,test
34.72655701071648,-6.3612909646571625,26515,5,0,0,test
47.01398082719377,6.7808901153717365,28161,5,0,0,test
4.038269982062778,47.45673132874793,28276,5,0,1,test
-9.037790041136109,-46.01009121979239,27855,5,0,0,test
-31.898406645917674,-25.05764362241999,28040,5,0,0,test
-45.74833968256356,-43.75144057172459,27691,5,0,0,test
-5.074568513472092,-2.54828551472195,27531,5,0,0,test
-35.480373994268554,-48.542720353910795,27835,5,0,0,test
-20.967787826926063,-41.46931257002925,26937,5,0,0,test
57.900316484201674,5.548268533614597,27009,5,2,2,test
-55.46996606506269,40.76466303306889,26417,5,4,4,test
-44.669198897545954,-63.82946768672258,27770,5,2,0,test
-25.732784669720594,-47.42119900739422,27549,5,0,0,test
-35.96311458177041,-29.039002240398258,26636,5,0,0,test
-21.962198763199233,-11.681135432766352,26393,5,0,0,test
-33.16340503774139,-49.26661848587185,26957,5,0,0,test
-24.31514467538551,-12.349825459941021,26977,5,0,0,test
-18.50772599894199,-16.890356703200197,27527,5,0,0,test
-42.4952925465921,-41.55867898728185,27533,5,0,0,test
3.6533592992710795,-43.63472734057148,26547,5,0,0,test
-25.786077467905383,-30.659688952058303,28108,5,0,0,test
-0.45787466288486733,-8.039054175392927,27661,5,0,0,test
-18.129022384518088,-31.165375966395015,27435,5,0,0,test
3.4434697735053144,-30.87582636877922,28118,5,0,0,test
-15.380497367253938,-31.60233764035548,28052,5,0,0,test
25.21543244115609,-16.452970317238623,28187,5,0,0,test
15.384660806328586,-38.36408810545956,27210,5,0,0,test
39.73991375497028,15.500474387582148,27298,5,0,0,test
-26.57349523702787,-10.805384736520601,27005,5,0,0,test
4.066614693746625,-45.04235062061965,26764,5,0,0,test
-18.347852588517362,-48.91064153526257,26471,5,0,0,test
-49.8044113937627,-23.46258686015685,27306,5,0,0,test
41.52541545250031,2.78127845126022,27397,5,0,0,test
-29.66919578365852,-49.086382051480044,27758,5,0,0,test
-24.722735127156447,-33.04670245175686,27296,5,0,0,test
-36.77202466853897,-33.39755032577018,27145,5,0,0,test
-53.926034708343266,42.33526839404131,26411,5,4,4,test
-8.812254925652972,-42.60737939270441,26519,5,0,0,test
-59.79323896186076,13.254018929042697,27889,5,4,4,test
8.892167015025565,-32.05849143133216,26909,5,0,0,test
55.51224943425143,3.5959105349948084,27479,5,2,2,test
-32.00836218564007,-31.108129776847704,26628,5,0,0,test
-57.69012913809728,7.86313394200095,26933,5,0,0,test
-32.00836218564007,-31.108129776847704,26702,5,0,0,test
-57.38168096292749,8.456216178745409,26499,5,0,0,test
-29.99498213239126,-24.496276326654463,26573,5,0,0,test
14.57538169740366,-13.075146650547069,27762,5,0,0,test
-44.80553279414466,-60.1496657704116,26700,5,0,0,test
9.366338434206833,-42.35094118071445,27929,5,0,0,test
-21.145908681571782,-21.820910665553402,27236,5,0,0,test
-58.89224855103644,22.155657052446454,26712,5,4,4,test
13.93222016193951,30.772543799326133,26549,5,0,0,test
25.53074299477265,21.546144253443657,27517,5,0,0,test
45.851062095750066,6.962116597693165,28232,5,0,0,test
57.58491932640129,6.038622584798558,27405,5,2,2,test
-16.804570977272608,-48.85214515499652,27427,5,0,0,test
55.30615579841586,6.770232622946194,27254,5,2,2,test
-40.971845276891436,-41.483993003271564,27469,5,0,0,test
-19.65558519541611,-42.2271082842768,28240,5,0,0,test
-29.710367294093142,-34.111191081592715,27250,5,0,0,test
-22.273399033418432,15.5699871576731,26493,5,0,0,test
30.25301014675651,13.151783071350273,27445,5,0,0,test
-56.23904581141635,-1.7593757996831298,27161,5,0,0,test
32.50132677188539,-12.944935525512548,27200,5,0,0,test
0.34606392568545413,-44.02621182290639,27951,5,0,0,test
-21.559681528588364,-39.79164858429974,28183,5,0,0,test
3.3834319395322634,-38.40532184707535,27401,5,0,0,test
3.4664564880694217,-43.391628213881205,26616,5,0,0,test
47.232840179684,6.027471799827185,28246,5,0,0,test
55.89011941471452,3.906385807858699,28064,5,2,2,test
3.9220001579476675,-41.1845495122537,27708,5,0,0,test
-8.80765369398512,-41.541806501592596,27857,5,0,0,test
-40.03944177834644,54.98154131379694,26513,5,4,4,test
-19.055539672317305,-27.665593647440335,27246,5,0,0,test
16.28193750098345,24.768654843981036,27270,5,0,0,test
-45.427663645554595,-43.247985492384146,27887,5,0,0,test
18.14302878160245,-40.22001541696349,27953,5,0,0,test
-60.6367674883566,27.53819468961787,26804,5,4,4,test
13.058330306781539,-46.88921741535959,27655,5,0,0,test
34.56384507156794,-11.681225510339178,27272,5,0,0,test
12.801080830052973,-29.413613382525497,27576,5,0,0,test
11.85298605873073,-26.3814590118824,28195,5,0,0,test
-31.549342128038248,-32.266729279231214,27310,5,0,0,test
-9.841026949001018,-45.65555400124169,28098,5,0,0,test
-42.11982166874292,-35.07148898248769,27823,5,0,0,test
-10.558483404000745,-48.30917679036267,27977,5,0,0,test
-18.11187120476289,-45.64935660550984,28128,5,0,0,test
41.617586161990836,3.0438130798858567,27252,5,0,0,test
-41.27426825248305,-42.36485518695404,27423,5,0,0,test
57.09022483277996,4.494716897921893,27915,5,2,2,test
-20.667205638114837,-28.924462579529756,27665,5,0,0,test
-39.81518038279965,-45.080802361283624,28002,5,0,0,test
9.443429878385142,-31.863135879494735,28094,5,0,0,test
-42.51361696704286,-32.07178146119225,27744,5,0,0,test
15.436845911521766,-40.693617635179805,27863,5,0,0,test
-46.86263443526067,-42.11126916850015,26610,5,0,0,test
-28.844328081779032,-24.122619872494855,27651,5,0,0,test
54.95138796092301,7.550549619940782,26718,5,2,2,test
15.962579779671675,-21.9543240319848,27837,5,0,0,test
36.46851762696585,-4.129757246629204,27345,5,0,0,test
50.642967316092324,6.390672617575856,26969,5,0,0,test
-34.802147938997734,-29.70070958709624,27608,5,0,0,test
10.791133366373568,37.576297337180144,27070,5,0,0,test
-6.898142591783116,-30.130333750153593,27515,5,0,0,test
4.872029129076032,-32.25357528377619,28122,5,0,0,test
11.606733740236578,36.430835620778325,27647,5,0,0,test
-61.14387825988285,18.936294786763742,27677,5,4,4,test
-39.93609718928898,-38.39563741136522,27349,5,0,0,test
-8.760434699564756,-43.735635690438066,27975,5,0,0,test
-57.52025533242652,14.677773473595195,26931,5,4,4,test
-8.664360956385195,-42.420180826784026,27114,5,0,0,test
13.091371515934364,-46.837776031446566,27805,5,0,0,test
16.625758221545873,-24.837539090246906,27493,5,0,0,test
-58.9885571480238,16.33357461078335,28038,5,4,4,test
13.612792766497536,30.90067696509113,27881,5,0,0,test
17.609175695062444,-36.10374255942898,27871,5,0,0,test
46.73540927579204,11.605512349632017,26814,5,2,2,test
-23.711852056001053,-13.736187886577722,27560,5,0,0,test
13.752944566238503,-20.705712191400057,26634,5,0,0,test
11.894629564120333,-32.25124929502079,27131,5,0,0,test
11.433985736785894,-26.592957200372137,28222,5,0,0,test
-40.84477147250805,-37.09874836927622,27604,5,0,0,test
13.343109216297544,-27.94588815250722,28230,5,0,0,test
47.348203789209855,5.718556144494855,28090,5,0,0,test
1.7648258947234852,-3.213802801177305,27025,5,0,0,test
-27.91061171893519,-29.537914302843067,28218,5,0,0,test
1.1348622131963075,-36.87074238537396,26829,5,0,0,test
11.838393912091895,-40.38612155219686,27511,5,0,0,test
31.636955488685068,19.664617597307984,27722,5,0,0,test
2.099719194512094,-43.91213523829402,27633,5,0,0,test
3.4807865536852796,-38.42720125641841,27256,5,0,0,test
-58.17770126271234,19.82534421195628,26415,5,4,4,test
3.349278484622252,-44.532676149926786,27612,5,0,0,test
-10.969257130194228,-46.12001687913419,26897,5,0,0,test
-16.06094579239769,-33.53984796572854,28224,5,0,0,test
-46.21052772423858,-44.555956299084436,27693,5,0,0,test
41.547671787199626,3.0058325216235966,27471,5,0,0,test
17.252169468453904,-35.446483070099106,27635,5,0,0,test
-58.48993377883284,16.777663488532603,26859,5,4,4,test
-50.3148924152953,-0.7152171388617398,26716,5,0,0,test
15.901467097506258,4.185189275109568,28130,5,0,0,test
-17.548640790927333,-28.70311329950972,26929,5,0,0,test
29.63286974092271,20.132528120414783,27284,5,0,0,test
-28.502850386464853,-34.959752472104064,27294,5,0,0,test
17.719295640333886,-37.119420254849594,28134,5,0,0,test
-22.04963020372696,-13.060024757287039,27220,5,2,0,test
-29.662727545273672,-49.086272621046334,27477,5,0,0,test
-22.883741411093922,-11.750735004004337,26369,5,0,0,test
60.043654960558506,2.629177194409552,27149,5,2,2,test
13.966727246952368,31.79174965223662,27127,5,0,0,test
-58.673788220722265,26.787930182589697,27017,5,4,4,test
-27.692014070406525,-31.524764380399024,26652,5,0,0,test
31.3822534236593,19.7935843063825,27574,5,0,0,test
-15.49644062692062,-33.57623379632745,27580,5,0,0,test
-45.528261578493044,-44.12485250199651,26903,5,0,0,test
-24.078702034923417,-32.994314525421046,26923,5,0,0,test
21.210633795389985,-18.882134100590065,27869,5,0,0,test
46.62567533927226,11.331975406093724,26734,5,2,2,test
-38.13412660930903,-38.39971666622899,27961,5,0,0,test
11.650036095867671,-28.368511819828306,27738,5,0,0,test
10.084266763027745,-34.90285314383159,27724,5,0,0,test
15.337386524715967,-20.834040942763497,27421,5,0,0,test
-8.467212924899727,-40.48680700739936,27783,5,0,0,test
-46.4848360885237,52.07517346176448,27675,5,4,4,test
-5.169814487610532,-28.007149099572672,28234,5,0,0,test
-16.488738929000668,-48.46342641972944,27657,5,0,0,test
-61.82347258459736,9.965818160485988,27431,5,0,0,test
-50.67698976627653,-30.0429048873637,27969,5,0,0,test
46.42526189817959,3.0967194139573886,27503,5,0,0,test
-60.617694905151076,27.37872135937028,27967,5,4,4,test
13.899117710461795,-39.20249271307065,27785,5,0,0,test
-53.26092623485271,-26.85558776317262,27683,5,0,0,test
-46.93495664118925,-24.460160545851668,26585,5,0,0,test
35.19882593529202,-1.2155765791017592,27300,5,0,0,test
-29.330946141565075,-29.83330442781542,27318,5,0,0,test
-24.23900314293561,-12.143558532251467,26391,5,0,0,test
-18.005247347293366,-45.25640029473649,27403,5,0,0,test
-15.517665874279501,-48.51394325807004,26678,5,0,0,test
-28.413084520111738,-35.64677166097248,27302,5,0,0,test
-16.191595331696114,-32.40517950664912,27449,5,0,0,test
45.790123234343525,11.996003960032137,26959,5,2,2,test
21.806824168910122,-7.501003368370174,27519,5,0,0,test
-18.625587813194826,-17.98483362712534,27381,5,0,0,test
38.565860198836546,14.142304787729543,28242,5,0,0,test
56.44096594253923,6.407132811286653,27332,5,2,2,test
13.965716333073562,30.701689616524963,26911,5,0,0,test
-53.391010527050575,45.353735449984846,26722,5,4,4,test
-50.3148924152953,-0.7152171388617398,26642,5,0,0,test
-43.382184197053164,-63.39848285277652,26953,5,2,0,test
-13.270182728039044,-49.88601534779733,27841,5,0,0,test
-56.168838224367555,0.09892470450234342,26569,5,4,0,test
-27.027871137286997,-36.4053862469851,27809,5,0,0,test
40.34234792410588,1.4178724052373461,28018,5,0,0,test
-34.50389282089105,-30.209258795195787,26555,5,0,0,test
9.337071894626403,-42.42826409948062,27865,5,0,0,test
-42.04861995791938,-42.63863023237962,27461,5,0,0,test
-56.46581168628143,-1.310075230885564,27304,5,0,0,test
-5.09320415594475,-27.90347012141298,28278,5,0,0,test
-36.688154121840135,-48.149499706649074,27927,5,0,0,test
-57.85768905491345,1.178948197998957,26875,5,4,0,test
11.418095946385925,20.646187142607282,28030,5,0,0,test
-47.066593643307094,-24.573834654897684,26947,5,0,0,test
38.10715887430915,11.715592067944273,27021,5,0,0,test
-18.150348108856434,-41.41728838557727,28181,5,0,0,test
-37.94777738909313,-28.753348144992597,26865,5,0,0,test
46.73987506779731,11.065782063803582,26666,5,2,2,test
-46.96862564274383,-27.37384894004215,27179,5,0,0,test
3.2302159327567157,-38.918688828545534,27351,5,0,0,test
-19.075332691384833,-34.93865000655478,27592,5,0,0,test
-37.96310249408775,-37.54847109778047,28076,5,0,0,test
29.80361501493466,20.10283378298898,27357,5,0,0,test
57.08048421828768,-2.683801465618182,27909,5,2,2,test
-2.9284568595193363,-26.794219959529034,26913,5,0,0,test
26.129975144766274,21.047245683427683,27212,5,0,0,test
-38.720466815053975,-39.20483339293604,28060,5,0,0,test
32.5809348762633,-12.276066732124276,27562,5,0,0,test
-51.98524914290446,-25.241786032907882,27106,5,0,0,test
57.22170292668274,3.936008178683851,27240,5,2,2,test
26.291488135491292,-22.831805335768852,28165,5,0,0,test
-45.27805548546614,-43.43998673731806,27276,5,0,0,test
-18.367462514833367,-49.102872332901825,27066,5,0,0,test
-24.707082076529105,-11.983595670250553,27015,5,0,0,test
-43.60554436617555,-22.987762195830364,27244,5,0,0,test
3.284557346496722,-43.148741945217346,26473,5,0,0,test
13.626125686259334,-31.025908988787535,27274,5,0,0,test
-39.90577149154087,-32.461970991460525,26770,5,0,0,test
-19.451463967272797,-35.37120615288464,27230,5,0,0,test
-30.433011041577018,-24.62697524657817,26935,5,0,0,test
54.95138796092301,7.550549619940782,26644,5,2,2,test
-10.071311617345044,-44.71080043073221,26907,5,0,0,test
56.960957728356014,4.2037211366551075,27260,5,2,2,test
-45.32668668787165,-39.57885587137445,27742,5,0,0,test
-25.160504267438103,-12.10630751718198,26993,5,0,0,test
-42.062722960568955,-78.72210628437102,27839,5,2,2,test
-54.41586976363219,-25.89464771117496,26758,5,0,0,test
-31.48473394279947,-25.240581460349432,27663,5,0,0,test
-28.055702727315733,-34.96876980933344,27080,5,0,0,test
-37.233059706911654,-23.538561972531582,28034,5,0,0,test
-35.07479667708418,-30.258209427299892,26915,5,0,0,test
4.035779322402374,-43.38639754460834,27877,5,0,0,test
-4.9323165427787465,-2.663187610219054,26618,5,0,0,test
-58.00336673854888,1.3195348488624663,26581,5,4,0,test
-22.255898711399595,-41.139369494020116,28054,5,0,0,test
39.41769232076829,1.1480873574847705,26658,5,0,0,test
-17.94510408367676,-48.775917354368694,26762,5,0,0,test
-35.96311458177041,-29.039002240398258,26710,5,0,0,test
-19.736839732609404,-1.224393871224849,27198,5,0,0,test
-47.24455374204395,-25.358486943105355,26485,5,0,0,test
-61.110885863530214,27.390607622820735,27913,5,4,4,test
-6.854964405681932,-29.521721784816744,26694,5,0,0,test
-34.07835548368959,-29.485527732829937,26857,5,0,0,test
-12.93996017337952,-47.67896897848695,26545,5,0,0,test
-45.96203807082882,-44.26343363558164,27062,5,0,0,test
-38.99878266669886,-35.26438940620831,28048,5,0,0,test
-22.873091642369747,-11.742602998233803,26971,5,0,0,test
-22.713185734174672,-11.650906137826732,26373,5,0,0,test
3.1614723135621876,-37.591916446534384,28106,5,0,0,test
38.65299544060757,15.270548537903661,28016,5,0,0,test
-46.86263443526067,-42.11126916850015,26684,5,0,0,test
11.729827034232093,17.061186321435205,26381,5,0,0,test
-37.70319137264445,-36.41264376614469,26812,5,0,0,test
-27.692014070406525,-31.524764380399024,26726,5,0,0,test
0.3113145439579908,-4.449299576355001,28104,5,0,0,test
-25.698774906371092,-47.36409551811125,27740,5,0,0,test
-33.60356993941773,-30.26579898159987,27821,5,0,0,test
-1.2552407899559441,-30.434908418909245,27417,5,0,0,test
-47.04045833373423,-23.374340725606295,27596,5,0,0,test
-37.88860830527797,-28.988982113515117,26624,5,0,0,test
30.949313036418566,-7.543811091907165,27086,5,0,0,test
32.35166923637371,18.019040549447972,27811,5,0,0,test
-58.07954844979091,-0.974373562941825,27171,5,0,0,test
33.616292262966724,3.279858920174403,27955,5,0,0,test
12.25804255637792,4.441505737405722,27935,5,0,0,test
60.116956434525434,-5.994606315120492,28132,5,2,2,test
-60.17858927624338,21.852282226665587,26656,5,4,4,test
-11.2498139285653,-49.258305620035955,27499,5,0,0,test
-39.263498622795,55.79569002256882,27011,5,4,4,test
-45.97622226700563,-44.28502458648669,27639,5,0,0,test
-18.431270175894515,-34.964881910728415,27367,5,0,0,test
7.015302530935135,-11.415383076339573,28266,5,0,0,test
-40.49441073564686,-41.95732854547022,26664,5,0,0,test
9.237322790581569,-41.45044379158354,27282,5,0,0,test
15.38363352041966,-20.837749810273152,27433,5,0,0,test
-8.885194930728947,-29.051576112713082,28050,5,0,0,test
-40.15807148735435,-38.08550523025348,27905,5,0,0,test
-16.079776036423457,-33.52077221902571,27375,5,0,0,test
-45.03635418517463,-57.21192622925876,26847,5,2,0,test
16.51760896755623,-24.578377246679604,27491,5,0,0,test
41.144761488256684,2.1395894195090133,27181,5,0,0,test
-18.365851945234503,-35.103380671822926,26561,5,0,0,test
-26.07250709864569,-11.961042793253423,26397,5,0,0,test
-30.00623062687416,-33.12859488902275,26509,5,0,0,test
-20.684841846060213,-31.70231907284627,27361,5,0,0,test
40.98936232343247,1.7829419135305224,27543,5,0,0,test
-43.49842583599199,-63.40883263275157,27169,5,2,0,test
-25.840071425416987,-32.13299377543795,27891,5,0,0,test
-6.854964405681932,-29.521721784816744,26620,5,0,0,test
38.64809984715772,14.620166226063269,27226,5,0,0,test
15.56376115427309,-38.334330620247954,28171,5,0,0,test
3.5782400627629087,-43.75601939363559,26837,5,0,0,test
-45.50245936556584,-45.42975722305609,26541,5,0,0,test
15.860705028366587,24.104791028955503,27489,5,0,0,test
6.659444358151444,-47.59921195127143,27859,5,0,0,test
-29.102218439895307,-33.47018428620589,26873,5,0,0,test
-19.717195884774895,-35.63153953475888,28252,5,0,0,test
39.41769232076829,1.1480873574847705,26732,5,0,0,test
-9.835549722605371,-44.2035184679053,26833,5,0,0,test
46.73987506779731,11.065782063803582,26740,5,2,2,test
46.73092431595211,11.627877269510437,26591,5,2,2,test
-33.761842286299505,-39.09053815973767,27756,5,0,0,test
-28.988559666312423,-35.65742029309293,26921,5,0,0,test
39.45652828346575,-2.8965366434465003,27564,5,0,0,test
55.938764934748434,7.264947190458846,27326,5,2,2,test
57.0780019157275,-2.720649510865675,27551,5,2,2,test
17.079461685953163,-37.45532504029605,27710,5,0,0,test
-53.53808753261873,-25.350205562359285,27314,5,0,0,test
17.331653955116924,-37.12192799195995,27355,5,0,0,test
9.104724563339616,-38.00841319318623,28155,5,0,0,test
-37.62843836864412,-32.82433727452469,26843,5,0,0,test
-20.605333875365698,-22.621840984523086,27465,5,0,0,test
-13.416261528639026,-47.92486879852627,28167,5,0,0,test
-17.003765218895126,-38.11338375070496,27931,5,0,0,test
36.77849831084784,15.357221756945947,26853,5,0,0,test
-45.54520158458637,-59.830812231324344,27439,5,0,0,test
54.85665863143861,7.765381676117644,26421,5,2,2,test
-50.237333495154104,-31.93230525912755,28044,5,0,0,test
-15.973536296864285,-32.28655104812899,28256,5,0,0,test
-24.677837196124877,-11.951548030674967,26413,5,0,0,test
17.78663261574474,-37.38040230772666,27945,5,0,0,test
-58.94347376948759,17.565118272432933,26728,5,4,4,test
-18.25424664156902,-29.897604107216914,27598,5,0,0,test
-22.418758793849825,-12.490574719039783,26979,5,0,0,test
-22.248313324368894,-11.408044155790915,26997,5,0,0,test
-10.099334279167303,-43.493736422340355,27064,5,0,0,test
-26.403360241921092,-47.17041186633287,27529,5,0,0,test
-44.80553279414466,-60.1496657704116,26626,5,0,0,test
-24.97007067803524,-11.746552343701643,26383,5,0,0,test
11.410019523159471,-40.18195380936721,27429,5,0,0,test
-42.73692178353712,-21.466996610385284,27308,5,0,0,test
62.576867528613555,-12.094640817839212,28274,5,2,2,test
-15.063725549503479,-32.109724572407345,27509,5,0,0,test
46.51491592646623,11.413297657598953,26427,5,2,2,test
-20.080292665198552,-41.6092159218205,28191,5,0,0,test
-32.4977897330277,-18.857131531608957,26379,5,0,0,test
12.939333532638141,-32.74892247464635,28177,5,0,0,test
-37.57952780784101,-30.614140349077825,27377,5,0,0,test
-19.067020500740032,-35.71227632943182,27363,5,0,0,test
9.834696678372193,-37.81604423625555,27787,5,0,0,test
-8.92121932790331,-49.27886526327637,27728,5,0,0,test
-15.344197785698194,-47.59093294353072,26955,5,0,0,test
-60.03960990261124,22.908750430899936,28042,5,4,4,test
55.65331078674089,6.592711156025053,26405,5,2,2,test
-30.859724930633384,-48.56258673227638,27685,5,0,0,test
-58.228827105563425,-0.3960817059039127,27100,5,0,0,test
4.4734679657771315,-31.489308916041413,27056,5,0,0,test
-44.8491620246669,-63.74095065969981,28280,5,2,0,test
17.924718635001724,1.8487798112723048,28220,5,0,0,test
9.571688285099476,-42.0134992744152,27139,5,0,0,test
24.738802962205657,-17.061297430812704,28193,5,0,0,test
-35.1555653254413,-39.105515126434796,27330,5,0,0,test
11.800409331393857,-40.40263779557901,27501,5,0,0,test
9.96782905621953,-34.59174787230188,28084,5,0,0,test
11.87088171076885,-31.74456180644151,27943,5,0,0,test
32.089233799784125,10.516495656507178,27981,5,0,0,test
3.059715024777225,35.06050027386759,27088,5,0,0,test
-59.278495485700425,27.595909155436306,26640,5,4,4,test
-9.007477007211842,-42.760648683404625,27278,5,0,0,test
61.55841894395501,-6.723435693591272,27365,5,2,2,test
46.730753570781644,11.058730159112297,26597,5,2,2,test
-13.893126468837986,-46.80854109480941,26883,5,0,0,test
61.58279644271719,-13.725347811412883,28203,5,2,2,test
-16.94583712713549,-31.37352560568799,28114,5,0,0,test
-9.588481898776415,-41.68764392266184,27584,5,0,0,test
-54.46183023568053,12.429602788732502,27007,5,0,0,test
-25.678706279004995,-35.205207182133385,27620,5,0,0,test
25.430505952327902,21.685722557930834,26706,5,0,0,test
-45.2818380351074,-58.69476435812444,26989,5,0,0,test
-11.872699608935317,-46.06596554777169,26825,5,0,0,test
-31.776870858578345,-32.535832267755154,28112,5,0,0,test
-20.09979957903725,-32.20854377841087,26917,5,0,0,test
46.746378795685686,11.074125539356459,26523,5,2,2,test
-42.112883201507955,-31.36756806258948,27451,5,0,0,test
9.510032165176474,-42.075306556213924,27068,5,0,0,test
-51.784534815273,-25.49549448690751,27320,5,0,0,test
-15.04627721612028,-47.566244246446495,26752,5,0,0,test
-56.86646676493955,32.39168880433946,27001,5,4,4,test
-39.57469944021294,55.15129783846263,28046,5,4,4,test
-53.314672964922835,-24.876476797676727,27750,5,0,0,test
-15.213029527756474,-21.396837752555747,27507,5,0,0,test
62.37940232491203,-13.028539458168398,27989,5,2,2,test
31.18683860481931,18.232355052000194,27941,5,0,0,test
15.995387822489064,-40.644501082279994,27937,5,0,0,test
8.857078219056737,-31.77142505306153,28100,5,0,0,test
-3.113244184350936,-29.091046755557514,28185,5,0,0,test
-18.05083756236763,-48.945093364427805,27137,5,0,0,test
-23.621305257990333,-33.14320088040102,27224,5,0,0,test
2.9605508578452646,-40.901879233723214,26543,5,0,0,test
-43.81719029180027,-23.025242308645538,27389,5,0,0,test
-40.25182311638302,-38.123550279860964,27248,5,0,0,test
-45.1386820023983,-56.909016587800004,26387,5,0,0,test
-17.308142157451076,-46.778314375913894,27258,5,0,0,test
-38.297238241697364,-39.32072145691586,27973,5,0,0,test
31.76590569046101,16.907335122977432,27949,5,0,0,test
55.547552239553816,3.7319300102426554,28138,5,2,0,test
-26.210757775728645,-11.853349712999815,26987,5,0,0,test
-36.29553378164931,-38.77585509014516,27116,5,0,0,test
15.304385362168878,-37.99498549284336,28205,5,0,0,test
15.346460394449405,-35.64903939074503,28088,5,0,0,test
14.397509862494333,-38.208838655824984,26827,5,0,0,test
35.61311834553917,-12.581628132909938,26537,5,0,0,test
-59.70740182006046,23.240964393637032,26802,5,4,4,test
-19.19089748858296,-35.13002224708875,28270,5,0,0,test
58.797892424630334,3.934642276540249,27689,5,2,2,test
41.11158929164477,2.0580988686816686,26951,5,0,0,test
-21.102510057691518,-34.3482200922398,27746,5,0,0,test
21.85244862448355,-7.383635804728126,27447,5,0,0,test
-40.6970189104235,-36.68071775921167,27610,5,0,0,test
-46.99324226118963,-27.28981414313937,27108,5,0,0,test
38.261808548178834,15.690335000367263,27736,5,0,0,test
-42.014853984259766,-42.91986075367988,27903,5,0,0,test
2.292576569820728,-38.505846648624285,26901,5,0,0,test
-1.475421569295526,-30.68346115241329,27475,5,0,0,test
-6.234091670226436,-50.467261769098236,27760,5,0,0,test
1.805748785277357,-41.17146521720633,28189,5,0,0,test
-24.389473169411286,-32.9441256156602,27238,5,0,0,test
-38.13332690579353,-28.737618134515575,27234,5,0,0,test
13.305357594555446,4.915114845206587,26489,5,0,0,test
46.64546122495295,11.211164364963876,27183,5,2,2,test
14.146410254279655,30.7579809583384,27141,5,0,0,test
-56.68327719717728,1.2108585542676633,27102,5,0,0,test
-35.824665116435014,-29.8499981614822,27379,5,0,0,test
-22.99206344634368,-12.02813113540712,26375,5,0,0,test
-28.709587627093384,-44.66561626255961,27541,5,0,0,test
46.16999161071567,11.353781701874588,27545,5,2,2,test
41.29703775761231,15.285982465343148,27084,5,0,0,test
11.858718257449464,-31.127679891265878,28080,5,0,0,test
49.926355421720814,6.0684940969598,26995,5,0,0,test
34.58471445019088,-12.947628375979706,27637,5,0,0,test
57.78030008729212,5.33162747105649,27622,5,2,2,test
-53.95589821829755,43.34438421227059,26495,5,4,4,test
-56.05663959981246,-1.7444812387047088,27163,5,0,0,test
-42.04868519742536,-42.59324264627258,27752,5,0,0,test
-9.694224954822898,-38.794466090277034,26465,5,0,0,test
55.68510525620765,6.207144883643189,26365,5,0,2,test
3.068113545434494,-31.059076794933997,27875,5,0,0,test
-50.7167701989552,-4.196587601873027,27525,5,0,0,test
-34.847947912492145,-35.8827435112047,27803,5,0,0,test
-62.762705770894236,17.111454925791914,26401,5,4,4,test
-48.52841839872873,-58.67705298446017,26794,5,2,4,test
-57.963864032157,1.338748535524505,26877,5,4,0,test
-57.70444337626437,19.92732695577164,26399,5,4,4,test
-59.278495485700425,27.595909155436306,26714,5,4,4,test
5.388667841601645,-26.36643400439655,28092,5,0,0,test
-40.20645337170888,-46.86932275544156,26579,5,4,0,test
-36.63736943993313,-37.83875135784528,26885,5,0,0,test
13.752944566238503,-20.705712191400057,26708,5,0,0,test
57.540640944819295,4.545884231645943,26720,5,2,2,test
3.3123647378762437,-40.00996177798758,28163,5,0,0,test
57.72057760278521,3.791824387278515,27473,5,2,2,test
38.35528766003483,11.823429921552258,26419,5,0,0,test
-39.85386753777686,-37.42855691623337,27393,5,0,0,test
-0.5884417271374257,-28.20244328255431,28126,5,0,0,test
-39.93481023692018,-56.093831459456624,26483,5,2,0,test
-28.65177798178382,-35.61971254847117,27076,5,0,0,test
1.4727596474170883,-37.185303122969515,26539,5,0,0,test
-14.012262646365125,-47.965330423862596,26612,5,0,0,test
-27.372399831480028,-36.93717132358093,26778,5,0,0,test
-60.128811553803615,10.402052670748361,26941,5,4,0,test
61.734529883508536,-13.455317078051468,28209,5,2,2,test
-43.590636901069374,-56.71761978846464,28169,5,0,0,test
-30.289642387241635,-50.747639492979125,27766,5,0,0,test
-45.82990747944065,-44.20675378068453,26831,5,0,0,test
25.649342579327023,-22.628725255681818,27957,5,0,0,test
15.202011882082463,-18.921708070964705,26565,5,0,0,test
-16.273432288445754,-33.04158030121159,27513,5,0,0,test
10.43742035572103,-28.44788206329,27799,5,0,0,test
-7.600791356161954,-29.613495866190448,27649,5,0,0,test
-22.894634942764043,-11.745003721063881,26975,5,0,0,test
-42.561367015246,-32.49265036782776,27463,5,0,0,test
35.00947348449799,-12.730187587743789,26899,5,0,0,test
15.118186969458804,-40.81374115573139,27939,5,0,0,test
-61.14312106398577,19.96409696362352,27825,5,4,4,test
-40.49441073564686,-41.95732854547022,26738,5,0,0,test
32.19189734889392,-13.442252291095317,28078,5,0,0,test
-26.120557237409784,-11.941319214366562,26385,5,0,0,test
-42.72141820317934,-32.78004567141195,27885,5,0,0,test
62.81226486354047,-12.478263929617292,27983,5,2,2,test
-58.04552809818145,36.78400228806891,26650,5,4,4,test
37.82751251991213,15.20950038990735,27797,5,1,0,test
-22.780674024904695,-42.77990631045503,28082,5,0,0,test
-7.921912223207442,-39.42535820966527,26608,5,0,0,test
-56.253997429201384,41.80462313424115,28062,5,4,4,test
32.43370927619831,11.185504602588994,27907,5,0,0,test
-39.99925669055161,-32.372059233979066,26696,5,0,0,test
-53.05424539899781,-24.915279773243398,27602,5,0,0,test
-56.26827013183417,0.4326675009176936,27316,5,0,0,test
-41.328918943521685,-33.75827283263207,26587,5,0,0,test
-60.142607814071866,1.4854832537350648,26467,5,0,4,test
46.73884171631282,11.067346272930703,27112,5,2,2,test
46.74186854029546,6.7801029841850555,26501,5,2,0,test
-16.6650174285013,-29.275075517411892,26477,5,0,0,test
-36.697802942538914,-33.08891962959689,26553,5,0,0,test
-45.1949017375717,-26.99864449457817,27539,5,0,0,test
46.74235803570087,11.28501501526853,27118,5,2,2,test
-8.83007292121285,-30.88476836211428,27369,5,0,0,test
38.52652356858398,12.344114717210225,27155,5,0,0,test
-58.284013784426406,16.87383752705773,26861,5,4,4,test
-42.537840311482114,-22.147956060861297,27165,5,0,0,test
10.175041430604512,38.156554528705534,26766,5,0,0,test
57.32135885329408,6.289501777913478,27695,5,2,2,test
-10.205338527652652,-26.307118722139364,28120,5,0,0,test
-39.50895533792398,-35.5688551312782,28036,5,0,0,test
56.50050783458146,25.44581370079953,27023,5,2,2,test
-18.68441227420364,-45.476198541153785,27659,5,0,0,test
-38.31083423496894,-29.260066955766135,27232,5,0,0,test
4.616925649209571,-47.11872699194921,26593,5,0,0,test
-4.9323165427787465,-2.663187610219054,26692,5,0,0,test
-34.40059823115887,-38.54792315316353,27831,5,0,0,test
34.73984058383995,-6.3481226138987426,27347,5,0,0,test
-8.454614383804218,-42.25523747653077,27185,5,0,0,test
35.42300734728763,-0.4964391715768457,27228,5,0,0,test
-55.38133581100909,-1.7144152446385463,26792,5,0,0,test
-16.085227445290904,-32.95919704554364,27437,5,0,0,test
-22.870471877133124,-42.79392153796427,28153,5,0,0,test
57.076361823850036,5.978449379570613,26881,5,2,2,test
59.17841999774114,-3.987348863039442,27764,5,2,2,test
-14.012262646365125,-47.965330423862596,26686,5,0,0,test
22.496914736779136,-20.320768214820333,28264,5,0,0,test
-13.147504141509687,-49.69049160464338,27645,5,0,0,test
-6.857947748942731,-10.912849860764597,26981,5,0,0,test
13.877015948600704,30.683450551046956,26839,5,0,0,test
46.727416414907196,11.62862661327641,26808,5,2,2,test
-16.960102316274476,-45.58939067183689,26469,5,0,0,test
-26.82259166759715,-31.82068502994077,26945,5,0,0,test
-48.64911210913289,49.86135110276434,26505,5,4,4,test
50.29280892342764,6.409608508975777,26395,5,0,0,test
41.025335053223586,2.269710940560153,26879,5,0,0,test
-25.456616842660637,-34.67069837178167,26704,5,0,0,test
0.6357902873238576,-3.7302874213776143,27027,5,0,0,test
-58.491136289250974,10.336650586872329,27963,5,0,0,test
19.74667065215192,-11.305657826795096,28268,5,0,0,test
-58.94347376948759,17.565118272432933,26654,5,4,4,test
15.921878150813221,-38.065007957102765,28159,5,0,0,test
-37.34259908237604,-31.106025597177705,28254,5,0,0,test
-35.423476245205,-30.47821670225287,26845,5,0,0,test
-39.92213015005,55.29074264565513,27897,5,4,4,test
10.360392330542586,-34.54487930736312,28228,5,0,0,test
-48.907487313517606,-24.584060535793295,26943,5,0,0,test
11.797757626591212,17.06633538344283,26983,5,0,0,test
15.211054195240147,-38.19808194745902,27058,5,0,0,test
-40.979488915763405,-60.501626242607486,26557,5,0,0,test
2.7919961275632725,-45.258204615291,28008,5,0,0,test
-41.38876343875185,-40.06385719784284,27768,5,0,0,test
-58.89224855103644,22.155657052446454,26638,5,4,4,test
56.95907446670598,6.395201132746486,26867,5,2,2,test
10.846868802347274,-40.80162748301063,27795,5,0,0,test
-10.96440522545433,-46.22193142860497,26535,5,0,0,test
-7.774989772805438,-42.41815830982683,27425,5,0,0,test
-9.541075420331023,-43.10340199589294,27135,5,0,0,test
-3.1191782211865493,-26.90268958218752,26551,5,0,0,test
-56.23885326674504,0.2661255356961604,26571,5,4,0,test
-25.871552432683206,-11.18573324343773,26985,5,0,0,test
35.01689956510404,-12.361900130877341,28014,5,0,0,test
-30.157984558503827,-30.57095610169239,27096,5,0,0,test
-17.917713194479592,-48.64941913203999,26614,5,0,0,test
-8.69918376655539,-46.55698511721726,27720,5,0,0,test
-37.42596464156104,56.15002625965321,27987,5,4,4,test
59.96077571089529,2.902171559718455,27292,5,2,2,test
-28.882285288793756,-35.45891391164086,27290,5,0,0,test
-56.87218200798268,-1.6446090394230108,27594,5,0,0,test
41.54945908446416,8.796515970659405,27371,5,0,0,test
-55.836339315665136,1.1979055388364317,26790,5,0,0,test
-43.81719682816738,-41.493323873355706,27754,5,0,0,test
28.164244906250826,-19.027495677948963,28272,5,0,0,test
-13.6498233354492,-47.36758150881388,26760,5,0,0,test
56.68953582113921,6.6290873721231875,26939,5,2,2,test
-36.80957839989643,-33.371536357738854,27074,5,0,0,test
10.636703275539261,-28.000109409974268,26491,5,0,0,test
9.810056488991231,-36.872498723634735,28010,5,0,0,test
-36.121190098301,-39.83325943769938,27911,5,0,0,test
61.15652621401509,-0.9707558512571427,27078,5,2,2,test
-18.85882608865419,-36.18744953810227,28022,5,0,0,test
6.663812994838857,-47.59021888448045,27933,5,0,0,test
-17.351783334572396,-46.99061207498081,27280,5,0,0,test
-42.81173306573865,-22.47942433075337,26863,5,0,0,test
3.4664564880694217,-43.391628213881205,26690,5,0,0,test
-59.49340721085934,27.09465730867582,26409,5,4,4,test
17.101828597031155,-22.766350369651786,27072,5,0,0,test
13.229041329228885,-20.08142322270993,26855,5,0,0,test
-35.13983709169998,-29.409966987359322,26784,5,0,0,test
2.997805394117809,-40.639594321890584,26905,5,0,0,test
46.62567533927226,11.331975406093724,26660,5,2,2,test
-18.688314988768727,-28.13684915155173,27965,5,0,0,test
1.46724771602048,-39.07593786819118,27497,5,0,0,test
-26.358505604126954,-11.540066065314623,26403,5,0,0,test
-10.09613916004155,-44.99801343332482,28199,5,0,0,test
-7.770442271105957,-39.15902938368643,26756,5,0,0,test
24.847876521536712,-21.648988216927844,27202,5,0,0,test
-9.859826185498534,-27.802801477616725,28136,5,0,0,test
-29.244104184385403,-36.517369415059115,26559,5,0,0,test
-30.627845793540665,-34.28916274702381,26849,5,0,0,test
33.12283999613969,-3.7850515765325694,27157,5,0,0,test
12.441678079127925,-26.233535600270844,26782,5,0,0,test
-8.790055281281148,-46.588190914069706,27718,5,0,0,test
34.67529333662376,-12.81113815380217,27712,5,0,0,test
-42.49574763044559,-34.378730643344824,27322,5,0,0,test
-44.906729923588934,-59.558396167611335,26919,5,0,0,test
-36.60810291626137,-54.23687442336252,27730,5,0,0,test
-8.67278050167065,-29.888205761619897,27443,5,0,0,test
17.377241298379474,-37.70003087443504,26606,5,0,0,test
-16.167098159045537,-45.881396731137635,26736,5,0,0,test
-40.7105223155001,-38.90416267868178,27204,5,0,0,test
-47.00692391032703,-24.950178490604262,26481,5,0,0,test
35.3871891496623,-11.627397660241593,27716,5,0,0,test
51.23198582122833,6.452938690458581,26367,5,0,0,test
18.01995884860194,-11.633302593312845,28056,5,0,0,test
-34.386395853684064,-35.704476630368475,27801,5,0,0,test
57.603490167274046,3.684226370394886,27845,5,2,2,test
0.9239947687164469,-3.717434849986492,26425,5,0,0,test
14.892807499151406,-39.31374117853997,28157,5,0,0,test
7.545923978348849,-39.00683659487726,27641,5,0,0,test
-16.70836612542351,-49.470627672338665,27793,5,0,0,test
-56.057331212269816,40.7579082323995,26511,5,4,4,test
-40.03857197005806,-32.346838525682514,26479,5,0,0,test
-16.12463507637457,-45.8754423311023,27618,5,0,0,test
54.814781509307096,6.506433508888232,27459,5,2,2,test
54.84693731884176,7.794486997779285,27399,5,2,2,test
-57.915504562159654,36.821321550876426,26786,5,4,4,test
11.861416407946331,34.91252549420542,28175,5,0,0,test
-11.216897716338405,-48.97462735038671,27843,5,0,0,test
-42.502914654462,-51.15753686159282,27853,5,0,0,test
31.632416489871538,10.836345182365305,28116,5,0,0,test
-13.546439015138242,-37.62258700452595,27586,5,0,0,test
-21.551833294535182,-39.97872080586153,28207,5,0,0,test
-60.079461929797056,23.582515994168038,27893,5,4,4,test
-17.591029506621545,-28.495838483435563,26567,5,0,0,test
13.062788200380108,-18.57000031522927,27590,5,0,0,test
-25.149121547595428,-11.648057364093225,26389,5,0,0,test
-45.231557269817,-27.64319366164662,27535,5,0,0,test
-56.77417022197144,-0.4353713027851214,27090,5,0,0,test
17.17077942671926,-22.78945679492802,27286,5,0,0,test
5.2627293640696085,-47.324583854272575,26595,5,0,0,test
-29.730943580789127,-30.48980701462349,27167,5,0,0,test
-15.154000831904066,-41.15878416982205,28102,5,0,0,test
12.826063290148397,-25.206468754651517,27419,5,0,0,test
-19.3104769245486,-25.943752248435246,27671,5,0,0,test
12.943990190804005,-19.323108982033897,26927,5,0,0,test
-4.162001317736419,-28.34201802120801,26841,5,0,0,test
-32.190068175837844,-30.8710968334204,26776,5,0,0,test
4.208022496822126,-26.55196107586682,27883,5,0,0,test
-34.34018392123362,-38.173318822205914,27833,5,0,0,test
-10.230469952766056,-40.07174600599996,28179,5,0,0,test
-26.24358904319299,-10.89110401483111,26991,5,0,0,test
30.50504867793106,-11.282799119006024,28028,5,0,0,test
-17.72385393273168,-31.11735704197121,28250,5,0,0,test
-15.55793689753202,-48.49890892049447,26835,5,0,0,test
-56.51939984357848,0.13319593554117048,27092,5,0,0,test
-16.167098159045537,-45.881396731137635,26662,5,0,0,test
-3.859086824536719,-25.416024124758763,27813,5,0,0,test
-37.89880796267787,-37.8635094070864,27979,5,0,0,test
-17.664259716580506,-37.11770202745467,26583,5,0,0,test
56.58072136884608,4.432679000666199,26577,5,2,2,test
13.879905405914883,26.53098017305243,26780,5,0,0,test
-56.5299297720957,41.078413943871176,26869,5,4,4,test
-25.456616842660637,-34.67069837178167,26630,5,0,0,test
17.377241298379474,-37.70003087443504,26680,5,0,0,test
-8.890416699187334,-42.693730682817446,27600,5,0,0,test
-41.62006955719005,-35.90259531677749,27467,5,0,0,test
11.899882773686446,-37.73576466896414,28086,5,0,0,test
-60.17858927624338,21.852282226665587,26730,5,4,4,test
-42.128941752235306,-31.4007276223905,27453,5,0,0,test
42.18981194676713,3.2235458433203963,27614,5,0,0,test
-17.917713194479592,-48.64941913203999,26688,5,0,0,test
-41.28887608369144,-40.211295021216415,27673,5,0,0,test
-27.56164797919919,-34.920299827586575,27159,5,0,0,test
-50.30017045255805,-31.764713566212194,27895,5,0,0,test
-46.91192931371196,-22.94891705632612,27523,5,0,0,test
-51.23310563626864,-29.077362529174817,26371,5,0,0,test
-54.15096486520029,-24.554948881732923,27817,5,0,0,test
15.05765201111944,-27.51582601423834,28020,5,0,0,test
-44.61166754881803,52.435567410197415,26796,5,4,4,test
39.871865221437396,1.2647677745425931,26806,5,0,0,test
-45.6422028034005,-45.3383510295543,27789,5,0,0,test
-43.012844311625194,-23.471419048678563,27537,5,0,0,test
-27.465085864252337,-36.36760688646697,27807,5,0,0,test
-51.65233584176021,-25.561759169877597,27177,5,0,0,test
-36.21002823037972,-38.71776142462585,27187,5,0,0,test
-22.228443562099525,-33.539686296003715,27383,5,0,0,test
2.587855294048101,-40.7123456833073,27206,5,0,0,test
12.07790896318939,34.39807191380528,26475,5,0,0,test
-47.212275547983936,-23.959982596489013,27819,5,0,0,test
-30.827524216578357,-50.91629324206563,27714,5,0,0,test
-26.129883210401537,-27.518167619948798,26575,5,0,0,test
-44.69255891005845,-63.31714015720432,27098,5,2,0,test
16.626278006476486,-21.453958965772916,27359,5,0,0,test
2.986169094674299,-40.267776042282264,27791,5,0,0,test
31.092368007364225,18.134431529008502,27867,5,0,0,test
4.19086719994417,-26.534383555280847,27873,5,0,0,test
-52.675895092711116,-26.137495653231046,27679,5,0,0,test
57.20524404081064,6.329198525774427,26503,5,2,2,test
-28.61951328391162,-35.42317626176436,27147,5,0,0,test
-25.46451079016156,-34.55255035879293,26487,5,0,0,test
-9.591154265645635,-48.46531559290935,27732,5,0,0,test
-33.578545261374686,-38.55237143914538,27457,5,0,0,test
9.07397925722735,-35.282010874861925,27861,5,0,0,test
-42.54568435153654,-22.357537106948833,27094,5,0,0,test
-56.415896398520225,39.89751448517284,26788,5,4,4,test
32.613849243402356,11.512277775504357,26563,5,0,0,test
-3.1837386924905875,-29.218022930280167,27947,5,0,0,test
-8.204825296953267,-42.03473457826508,27328,5,0,0,test
-19.03805629051869,-26.99087379511856,27391,5,0,0,test
38.52523660323837,14.263955748555908,26925,5,0,0,test
9.720213868766109,-30.87137231927478,28024,5,0,0,test
30.479269286463865,-16.982706371759768,28201,5,0,0,test
-56.959721570652746,32.15936449416779,27019,5,4,4,test
-35.34568524834866,-30.47405716954678,27288,5,0,0,test
-29.28519721011147,-33.329667816221466,26800,5,0,0,test
-27.302956501544426,-34.25481284746527,27151,5,0,0,test
-37.61976716915288,-29.121930030871383,26772,5,0,0,test
9.84569442115847,-32.89479609087687,27343,5,0,0,test
15.055554038144127,20.92332922340482,28260,5,0,0,test
-16.532944612712743,-46.31163399832194,27734,5,0,0,test
-16.036004866114915,-33.677862406040596,28238,5,0,0,test
-22.049240112831125,-33.47804366162769,27222,5,0,0,test
46.43197375975106,11.103537124372014,27189,5,2,2,test
-59.97705663234311,1.4996853164149013,27829,5,4,4,test
15.685926051708043,-37.476888088913306,27129,5,0,0,test
-39.61633656894692,55.227685548724764,26507,5,4,4,test
41.10235378403715,2.027316105387529,27110,5,0,0,test
-25.28549052021351,-34.01784224862453,27153,5,0,0,test
11.462596082283781,-40.74362089741605,27879,5,0,0,test
40.844779194626284,1.631561392248249,27324,5,0,0,test
-53.391010527050575,45.353735449984846,26648,5,4,4,test
-6.927762368111914,-28.69158906802676,28006,5,0,0,test
12.464441774978793,-29.726160213603265,28236,5,0,0,test
17.16112965223739,-22.628525123329833,27143,5,0,0,test
-41.386159231445255,-39.78832682757377,27901,5,0,0,test
-56.47924853979967,0.917462302838494,27173,5,0,0,test
-26.13477201075012,-11.931950455893782,26999,5,0,0,test
-34.262241013367245,-38.01011281195104,27395,5,0,0,test
-59.000534041771616,17.205316567659597,27681,5,4,4,test
-39.22610799272003,-35.61391261310653,27899,5,0,0,test
-21.3622853080571,-41.10218196415196,28110,5,0,0,test
-0.7894592674665033,-32.376284894362975,28173,5,0,0,test
